0.39575487
0.49079247
0.47936471
0.3657681
0.3154477
0.45901987
0.4548534
0.43150365
0.44813333
0.45236623
0.39378493
0.41862858
0.47150262
0.45291711
0.38278641
0.32954131
0.54667194
0.35267888
0.45576544
0.43159713
0.40085567
0.32305001
0.40110625
0.51363875
0.38742211
0.44019037
0.34874105
0.32305001
0.39109024
0.38771891
0.48642139
0.39430811
0.34855692
0.40980821
0.33701235
0.35374383
0.34436753
0.50802525
0.31818958
0.50928566
0.32745231
0.48979606
0.43716203
0.31891147
0.7952355
0.35037467
0.32805771
0.37958463
0.44194037
0.42462311
0.52430901
0.40124563
0.37817561
0.44779428
0.31782965
0.47222494
0.40345475
0.61222604
0.40029563
0.71232034
0.81636164
0.46524899
0.395538
0.38659363
0.47876066
0.56688847
0.4638586
0.40032424
0.44370739
0.35787533
0.38981889
0.37759582
0.41586139
0.41563782
0.43576744
0.38595673
0.38961184
0.64696222
0.36326009
0.38293854
0.47896321
0.39154392
0.42622757
0.41607035
0.3591997
0.49761664
0.32352099
0.40022273
0.37477093
0.47847432
0.38166395
0.73196612
0.50967841
0.40211767
0.39278668
0.38901863
0.46066142
0.36462131
0.53924071
0.37077467
0.41783045
0.33334837
0.40740072
0.49470994
0.38473103
0.38397248
0.52015306
0.3866802
0.36515058
0.37905735
0.50990269
0.24630206
0.37896078
0.43093291
0.42846537
0.33386915
0.45473162
0.42004605
0.53600522
0.38898631
0.484166
0.36104223
0.45381013
0.40511693
0.40560589
0.51209973
0.45423744
0.45654523
0.31620856
0.38181109
0.4227386
0.42409297
0.4467953
0.37778213
0.4422458
0.41554382
0.36919142
0.44060155
0.98412701
0.39316922
0.36170861
0.35662975
0.38904442
0.36925127
0.38277148
0.46076753
0.60747631
0.48162878
0.36957672
0.55516638
0.45192915
0.46553423
0.47044163
0.40142541
0.43355902
0.353996
0.47884407
0.35627324
0.40510393
0.4279153
0.48475988
0.42309431
0.45575425
0.34159853
0.41497971
0.48156996
0.45000706
0.36937717
0.36788343
0.35775441
0.47693591
0.40948717
0.76683131
0.44480253
0.54946577
0.42017173
0.36524073
0.35924552
0.38646454
0.50058745
0.47576523
0.5159459
0.57828031
0.47469195
0.48189677
0.40891386
0.38015099
0.72954301
0.38962118
0.43584125
0.38229097
0.35692512
0.33140817
0.65257645
0.56290031
0.4020784
0.48306039
0.42398312
0.41873618
0.39150827
0.39829659
1.031274
0.50192907
0.44951449
0.43915252
0.38990294
0.44614846
0.45936429
0.33187405
0.45928196
0.34790871
0.39752055
0.39465893
0.35930196
0.43465583
0.39013825
0.34060178
0.30071037
0.48894412
0.40919093
0.36841088
0.42336383
0.4123518
0.39626822
0.37544927
0.43270858
0.5019911
0.4636525
0.41572106
0.60469426
0.29057769
0.54360738
0.35215772
0.3913348
0.42794856
0.36966834
0.38910384
0.38248298
0.39526563
0.35405946
0.38795672
0.43666817
0.36757399
0.39639101
0.38896178
-1.0019724
0.55107492
0.39590664
0.50643346
0.36824472
0.38365042
0.40972207
0.43214819
0.60268867
0.45312137
0.41734077
0.39429105
0.37091305
0.34836398
0.46639486
0.37202179
0.38599925
0.41763328
0.34564785
0.36063793
0.41708046
0.41855433
0.41533887
0.36080958
0.41023751
0.34661777
0.33135414
0.42365775
0.37334994
0.32852831
0.41000969
0.43887452
0.44313002
0.46537461
0.47430611
0.411955
0.43125152
0.37342144
0.36906968
0.42941572
0.5568011
0.45564787
0.49644481
0.39245666
0.3684564
0.41605345
0.37826688
0.34706823
0.37790395
0.41057754
0.48246336
0.35610572
0.52097097
0.36835121
0.38268255
0.273282
0.13996364
0.13126496
0.1809958
0.042899979
0.13190809
0.22163334
0.25906004
0.21603836
0.22604316
0.059299853
0.23815277
0.29408181
0.25380595
0.18813904
0.12063663
0.061828446
0.15364057
0.18823036
0.25685833
0.27821082
0.014768841
-0.026461263
0.17084189
0.28391774
0.25043433
0.24185484
0.26774728
0.29595468
0.22114424
0.23031213
0.28067391
0.22585437
0.097941034
0.26503672
0.23110317
0.25853031
-0.21199824
0.19789683
0.25484003
0.17849552
0.27908612
0.31782965
0.34782945
0.32823853
0.11940859
0.2000146
0.21250774
0.27767171
0.035182204
-0.10668638
0.05711003
-0.94889647
-0.36909926
-0.37537534
-0.53504667
-0.26866672
-0.80959916
-0.3015554
-1.0962816
-0.38072936
-0.94699645
-0.82495804
-0.18215565
-1.0369807
-0.32066652
-0.85059119
-0.53934936
-1.3318083
-0.32931116
-0.50934361
-1.1520694
-0.51581517
-1.3839622
-0.92087006
-0.932314
-0.93768703
-0.27401003
-0.90967586
-1.2170802
-0.39498268
-1.5083743
-1.2147114
-0.13860263
-0.38341183
-0.50136862
-0.35188105
-0.26014873
-1.0304022
-0.17478789
-0.24862424
-0.73901133
-0.41354945
-0.59306423
-0.20362208
-0.34905647
-0.29726887
-0.84623068
-0.96012426
-0.81061076
-0.6012961
-0.97064604
-0.43947432
-0.57784325
-1.1129354
-0.16380052
-0.75459603
-0.70049977
-1.0161339
-1.2852932
-0.93746961
-0.030560725
-0.92123602
-1.0644398
-0.85345849
-0.25483423
-0.65261171
-0.65146293
-1.1277349
-0.25543319
-0.1016604
-0.36875917
0.29267665
-0.25164225
-0.63048083
-0.90172057
-1.0018233
-0.10551501
-1.5695519
-0.98276061
-1.1898432
-0.44354764
-0.22954716
-0.23334797
-0.26412815
0.18528864
-0.13817689
-1.0525736
-0.11039393
-0.37750334
-0.41103633
-1.0312287
0.20102408
-0.86175162
-0.14413891
-0.15600078
0.29624156
-0.87643701
0.13397414
-1.1248955
0.36608767
-0.62474042
-0.40227749
0.35641011
-0.300737
-0.39813106
-0.95730955
0.25659269
-0.694989
-1.2701597
-0.10556485
-0.7534004
-0.27953048
-0.48688553
-0.83878253
0.28218455
-0.3411831
-0.20944111
-1.4863433
0.28453694
-0.056854598
-1.1764139
0.46224155
-0.22047928
-0.15859824
0.25219742
0.21576842
0.11973628
-0.18467455
0.39929768
-0.37372653
0.17358326
-0.49417565
-0.20135017
0.20721362
-0.58526192
0.15642371
0.31555885
-0.19611698
0.2428236
0.15543442
-0.057321506
0.33628828
0.22300436
0.20838995
-0.2795517
0.10444834
0.18949662
0.075035639
0.096378456
-0.47415863
0.16603283
-0.3566952
0.09087397
-0.16027533
0.28282558
0.17413626
0.11140388
0.14130674
0.220066
0.11891513
0.1663691
-0.65125289
-0.0026607902
0.10561484
-0.14594115
0.24005853
0.041156852
0.23454078
0.011629268
-0.37735786
0.13412255
-0.87914913
-0.053178907
0.22860902
0.33368108
0.022922711
0.021799091
0.19064666
0.24653159
0.23273505
0.054502747
0.20235952
0.24784982
0.18418432
0.28756485
0.23594847
0.16847727
0.24732036
0.12853148
0.22062013
-1.0253388
0.25013609
-0.17462091
0.027470204
0.034146046
-0.16752298
-0.81520803
0.26820449
0.22410721
-0.47546136
0.25963219
0.31219818
0.27960194
0.18535227
0.19119214
0.039782516
0.22939136
0.29003041
0.27596339
0.21167524
0.13960786
0.29867135
0.33785071
0.15826854
0.12537779
0.19627416
0.17433916
2.3750688e-005
0.21787117
0.25702903
0.2038057
0.21860568
0.10369265
0.12805749
0.097089731
0.18004557
0.22399951
0.16278864
0.12690638
0.2323432
0.18068823
0.11427234
0.15235458
-0.025855222
0.23176149
0.042416289
0.18698931
0.12257514
0.17293787
0.030279069
0.13345711
0.055448754
0.17641514
0.21840431
0.063056189
0.033506011
0.18471745
0.22764882
0.29059696
