0.27669784
0.27903787
0.27746997
0.27661709
0.2764856
0.27725459
0.28059908
0.27707667
0.27709209
0.27708969
0.27659208
0.2766379
0.27668554
0.2767023
0.27659019
0.27651663
0.27732738
0.2766633
0.27672754
0.27486974
0.27664659
0.27638402
0.27659656
0.27677158
0.27695776
0.27663541
0.27653301
0.27638402
0.27656966
0.27657047
0.28030905
0.27657199
0.27655599
0.27664466
0.2765206
0.27652932
0.27651231
0.27687331
0.27647568
0.27675071
0.27649527
0.27695929
0.27663363
0.27649152
0.33191059
0.27653829
0.27650075
0.27792065
0.27663231
0.27658968
0.27683434
0.27660469
0.27653554
0.27667552
0.27648738
0.27725734
0.27658955
0.27715598
0.27658559
0.36401188
0.49010684
0.27666779
0.27679565
0.27665116
0.27689752
0.3053108
0.27842095
0.2774332
0.27661922
0.27652988
0.27737259
0.27678981
0.27666785
0.27662202
0.27662205
0.27656876
0.27655114
0.33160214
0.27653921
0.27654677
0.27673153
0.27657998
0.27664081
0.27682865
0.27695553
0.27676564
0.27649735
0.27670529
0.27656476
0.27677376
0.27656604
0.36972247
0.27687364
0.27665401
0.27660865
0.27699065
0.27689871
0.27662017
0.27712503
0.27652603
0.27662438
0.27651528
0.27665141
0.2784035
0.27655749
0.27655769
0.27695776
0.27656497
0.27655322
0.27678898
0.27681037
0.27640978
0.27661874
0.27705595
0.27670605
0.27650288
0.27664101
0.27818028
0.27682258
0.27661354
0.27673486
0.27660924
0.27669122
0.27669567
0.27682517
0.29052359
0.28009169
0.27691669
0.2765037
0.27687747
0.2766048
0.27691775
0.27663044
0.2765034
0.27696394
0.27888316
0.27653738
0.27669081
0.48106957
0.27656523
0.27657221
0.27658534
0.27657824
0.27651843
0.27656788
0.27663786
0.28584015
0.27911346
0.27654694
0.27686022
0.277958
0.28640539
0.27676051
0.276595
0.27788934
0.27651499
0.27676466
0.27639917
0.27665294
0.27671091
0.27719907
0.27659208
0.27664496
0.27279707
0.2765951
0.27692295
0.27685939
0.27675669
0.27653763
0.27654062
0.28524796
0.27657254
0.30233519
0.27688966
0.28878478
0.27662184
0.27653769
0.27656641
0.27651745
0.29082053
0.27670831
0.2776627
0.30665617
0.27675086
0.27738758
0.27764988
0.27749382
0.37109612
0.27663119
0.27678293
0.27627917
0.27653521
0.27649026
0.27700616
0.27836672
0.27660249
0.27861853
0.27662581
0.27662719
0.27657507
0.27668175
0.48383677
0.27676921
0.2766709
0.27715463
0.27661204
0.27663136
0.27666813
0.27618096
0.27674523
0.27653419
0.27661805
0.2766178
0.27653509
0.27700948
0.27654304
0.27640699
0.2764098
0.27680845
0.27758148
0.27655406
0.27682653
0.27661042
0.27659895
0.27656456
0.27665184
0.27689559
0.27664712
0.27660903
0.2795071
0.27653906
0.27707267
0.27652353
0.27660641
0.2766106
0.27674864
0.27663085
0.27662592
0.27663376
0.27653913
0.27641395
0.27672862
0.27656943
0.27658832
0.27672187
-0.063564737
0.27689639
0.27683759
0.27678351
0.27706671
0.27756138
0.27665612
0.27663753
0.29212711
0.27689114
0.27648219
0.2770535
0.27637814
0.27626473
0.27670329
0.27653831
0.27661154
0.27663314
0.27659759
0.27654217
0.27659818
0.27662343
0.27666118
0.27654695
0.27661188
0.27650595
0.27650921
0.27674546
0.27658215
0.27651513
0.27709405
0.27668196
0.28098572
0.28126021
0.27687509
0.27820541
0.27660576
0.27642318
0.27660084
0.2766509
0.30452906
0.27726552
0.27812193
0.27655692
0.27661321
0.27661958
0.2766711
0.27658158
0.27660894
0.27662409
0.2769615
0.27661368
0.27803063
0.2765437
0.27663772
0.27637828
0.27613306
0.27612249
0.27602584
0.27371754
0.27605839
0.27635127
0.276426
0.2763099
0.27614203
0.26259216
0.27591284
0.27645909
0.27639916
0.27631093
0.27598468
0.27522714
0.2761636
0.27632208
0.27640504
0.27639313
0.27524717
0.27519435
0.27626213
0.27644574
0.27646009
0.27637531
0.27642293
0.27640448
0.27633107
0.27633785
0.27644562
0.27646069
0.2757519
0.2764315
0.276339
0.27652591
0.028841019
0.27600384
0.27639705
0.2762616
0.27637473
0.27648738
0.27647772
0.27854888
0.27553525
0.27638566
0.27628007
0.27644476
0.27595512
0.27248935
0.27593725
0.1039983
0.24893947
0.24786115
0.225274
0.26921559
0.15199794
0.25996301
-0.044643728
0.24651875
-0.02421401
0.12867674
0.26806046
-0.029092663
0.26229093
0.11038625
0.21551031
-0.29868618
0.25633107
0.23894836
0.0030871269
0.2074976
-0.66412029
0.14466189
0.034298745
0.079524284
0.26141954
0.012284946
-0.17525908
0.25147209
-0.17768788
-0.22020323
0.26929846
0.25615099
0.20069695
0.24093692
0.26288644
-0.097981608
0.26638411
0.26223158
0.14358551
0.24570247
0.23081706
0.26808509
0.25295882
0.24706718
0.098098283
-0.15570794
0.15725789
0.19757027
0.047601559
0.24545068
0.23784058
-0.0098654805
0.26866459
0.20404828
0.16113324
-0.2645093
-0.25030337
0.069305128
0.27372628
0.078981312
-0.18204043
0.025394266
0.26476836
0.20580409
0.22582823
-0.0096710596
0.26551459
0.27256313
0.25545576
0.27639474
0.26500994
0.19701829
0.13548874
-0.083865351
0.27303307
-0.29489814
-0.14744918
0.019664498
0.26647208
0.27232471
0.26823839
0.26000115
0.27601423
0.26685914
-0.14137019
0.27165587
0.26225823
0.25191574
0.089789029
0.27469253
0.15666965
0.21926874
0.27050913
0.27642846
0.044161493
0.27489846
-0.083022605
0.27645842
0.15894185
0.24360792
0.27660586
0.25761405
0.26792677
0.14764789
0.27637508
0.18302392
-0.14157147
0.27137426
0.20619862
0.25847512
0.24103521
0.20307272
0.27636396
0.25883529
0.26712604
0.0018969591
0.27642333
0.27339343
-0.036177518
0.29527343
0.26872043
0.27258624
0.27641947
0.27635599
0.27560102
0.26867536
0.27818604
0.26754976
0.2551139
0.20338051
0.26249368
0.27627467
0.21914346
0.25195462
0.27649165
0.002154341
0.27639396
0.27621597
0.27581655
0.27741457
0.27630304
0.27629055
0.13831823
0.27590675
0.27630421
0.2757793
0.27612691
-0.087041841
0.27614787
0.10762043
0.27610729
0.16964922
0.27630944
0.27582913
0.27576721
0.27607545
0.27638017
0.27569312
0.27529181
0.099808609
0.27549429
0.27524624
0.26145189
0.27640374
0.26984035
0.27639552
0.27596959
0.055734187
0.27624223
-0.26549219
0.27490634
0.27635581
0.27650309
0.27501205
0.27406356
0.27634501
0.27638345
0.27611889
0.27608799
0.27636599
0.27641259
0.27629787
0.27643979
0.27639785
0.27607205
0.27641364
0.27622956
0.2763684
-0.83465717
0.27638925
0.2082631
0.2760103
0.27590943
0.27478185
-0.50612149
0.27643718
0.2763833
-0.0088560524
0.27642959
0.27650258
0.27641869
0.2762902
0.27632504
0.27563749
0.27637456
0.27643041
0.27639951
0.27618878
0.2761831
0.27619897
0.27650366
0.27542625
0.27579803
0.2762224
0.27627313
0.26957882
0.27632346
0.2764122
0.27475812
0.27621776
0.27616812
0.27585785
0.2760216
0.27620602
0.27634467
0.27618169
0.2760216
0.27638766
0.27630392
0.27610113
0.27599441
0.27464203
0.27640264
0.27547683
0.27628073
0.27588943
0.27610944
0.27562377
0.27620058
0.2737985
0.27607072
0.27634253
0.275946
0.27556137
0.27627196
0.27608642
0.27641531
