0.22094085
0.22188714
0.2211939
0.22091745
0.22088888
0.2211149
0.22272806
0.22105929
0.22105161
0.22105001
0.22090514
0.22091398
0.2209215
0.22092758
0.22090545
0.2208947
0.22109843
0.22094024
0.22093213
0.22000195
0.22092115
0.22085668
0.22090577
0.22093798
0.22104287
0.22091214
0.22089564
0.22085668
0.22090069
0.22090082
0.22266386
0.22090182
0.22090048
0.2209191
0.22089471
0.22089459
0.22089115
0.22097128
0.22088453
0.22093289
0.2208883
0.22101216
0.22091217
0.220888
0.25241334
0.22089572
0.22088914
0.22150267
0.22091182
0.22090385
0.22095816
0.22090885
0.22089316
0.22092069
0.22088705
0.22113817
0.22090434
0.22103104
0.22090436
0.28252066
0.39402819
0.22091969
0.22097584
0.22092379
0.2209869
0.2373554
0.22172527
0.22125324
0.22090912
0.22089397
0.22116163
0.2209833
0.22092449
0.22091015
0.22091043
0.22090125
0.22089727
0.25628653
0.22089514
0.22089533
0.22093194
0.22090303
0.22091406
0.22097763
0.22104209
0.220939
0.22088883
0.22093646
0.22090052
0.2209416
0.22090053
0.28733542
0.22096408
0.22092246
0.22091076
0.22105406
0.22099522
0.22092311
0.221047
0.22089176
0.22091151
0.22089211
0.22092437
0.22164087
0.22089873
0.22089905
0.22101246
0.22090001
0.22089947
0.22098627
0.2209455
0.2208744
0.22091927
0.22107248
0.2209364
0.22088947
0.22091337
0.22146576
0.22094741
0.22091202
0.2209342
0.22091243
0.22092309
0.2209365
0.22097935
0.22909429
0.22230756
0.22099064
0.22088902
0.22101409
0.22090377
0.22101998
0.22091146
0.2208847
0.22100808
0.22196187
0.2208953
0.22092753
0.35472855
0.22089986
0.22090656
0.22090709
0.22090236
0.22089011
0.22090061
0.22091263
0.22457125
0.22173717
0.22089702
0.22095488
0.22144668
0.22651831
0.22094056
0.22090835
0.22144045
0.22089131
0.22094039
0.22086045
0.22092037
0.22093945
0.22111909
0.22090427
0.22091448
0.2190102
0.22090493
0.22100571
0.22098055
0.22096138
0.22089512
0.22089631
0.22576842
0.22090083
0.23420665
0.22099464
0.22804835
0.22091045
0.22089547
0.22090307
0.22089389
0.22902246
0.22092903
0.22126659
0.24097246
0.22093901
0.22120391
0.22135048
0.22129357
0.28907655
0.22091717
0.22095667
0.22080119
0.22089605
0.22088719
0.22098291
0.2215854
0.22090877
0.22177842
0.22091224
0.22091359
0.22090269
0.22093092
0.35547954
0.22093837
0.22092223
0.22110414
0.22091078
0.22091124
0.22091936
0.22077315
0.22093987
0.22089521
0.22091482
0.22091103
0.22089543
0.22104446
0.22089458
0.22085609
0.22086738
0.22095003
0.2213252
0.22089816
0.22097363
0.22090985
0.22090707
0.22090198
0.2209164
0.2209728
0.22091429
0.22090811
0.22208996
0.22090325
0.22101403
0.22089293
0.2209115
0.22090756
0.22095955
0.22091769
0.22091724
0.220918
0.2208972
0.22085476
0.22093295
0.2209039
0.22090622
0.22094387
-0.0084565641
0.22096691
0.22098641
0.22093994
0.22109415
0.22128335
0.22091975
0.22091324
0.22920393
0.2209945
0.22086549
0.22108279
0.22084211
0.22080069
0.22092712
0.22089517
0.22091212
0.22091625
0.22091328
0.22089665
0.22090386
0.22091211
0.22092344
0.22089779
0.22091097
0.22088921
0.22089091
0.22095193
0.22090429
0.22089234
0.22108203
0.22092377
0.22312792
0.22329186
0.22097176
0.221632
0.22090739
0.22085938
0.22091413
0.22091562
0.23803237
0.22114246
0.22151919
0.22089831
0.22091846
0.22091109
0.2209321
0.22091112
0.22091162
0.2209114
0.2210109
0.22091917
0.22137884
0.22089612
0.2209213
0.22086233
0.22080766
0.220808
0.22075658
0.21976132
0.22077781
0.22086176
0.22087669
0.22085028
0.22079514
0.21338914
0.22069807
0.22088214
0.22086984
0.22085316
0.220764
0.2204966
0.22081602
0.22085739
0.22087041
0.22086446
0.22053708
0.22052839
0.22084244
0.22087935
0.22088879
0.22086493
0.22087475
0.22086583
0.2208566
0.22085643
0.22087958
0.22089063
0.22068625
0.22087789
0.22085738
0.22091156
2.2508817e-005
0.22074928
0.22086957
0.22084051
0.22085981
0.22088705
0.22088182
0.22182479
0.2205692
0.2208739
0.22084289
0.22087971
0.22077507
0.21955645
0.22076313
0.13118149
0.21013579
0.20957721
0.19844695
0.21870459
0.15825574
0.21510741
0.018753605
0.20855384
0.03891572
0.14312177
0.21834249
0.030694088
0.21601888
0.13034661
0.19345908
-0.2027808
0.21347628
0.2053478
0.071009799
0.18837003
-0.50257825
0.15416365
0.078191846
0.095644897
0.21559632
0.056146703
-0.086486923
0.21185206
-0.061584433
-0.11562588
0.2186669
0.213661
0.18638935
0.20615582
0.21626732
-0.017990602
0.21757659
0.2160177
0.15347883
0.20859617
0.2006698
0.21840005
0.21149221
0.20859493
0.1231232
-0.081470155
0.16105303
0.18130973
0.088100545
0.20885921
0.2058731
0.061664044
0.21842548
0.18675212
0.15959281
-0.16142328
-0.10380704
0.10789979
0.22018182
0.11414628
-0.067219416
0.067352935
0.21691831
0.18704079
0.19851145
0.040278237
0.21698822
0.21983854
0.21264824
0.22087036
0.21699154
0.18186582
0.14811615
-0.01808591
0.21980255
-0.18362359
-0.061031404
0.078649284
0.21778099
0.21969241
0.21836847
0.21466831
0.22078838
0.21777692
-0.058825174
0.21953192
0.21628251
0.21168509
0.11503188
0.22010918
0.1596474
0.18266206
0.21917486
0.22087442
0.084341544
0.22048211
0.00086845919
0.22087321
0.15805665
0.20406202
0.22092276
0.21381732
0.21813723
0.15704066
0.22086497
0.172021
-0.048168799
0.21937819
0.188246
0.21366443
0.20583001
0.18634553
0.22085713
0.21421515
0.21793194
0.072791407
0.22087401
0.21991987
0.026776643
0.23155172
0.21805597
0.21971447
0.22088544
0.22086448
0.22069622
0.21847277
0.22153462
0.21783676
0.20729005
0.18528277
0.21587535
0.22084655
0.19340419
0.20563439
0.22088686
-0.030597131
0.22086947
0.22082911
0.22074962
0.22121834
0.22084773
0.22084523
0.10649585
0.22074794
0.22085029
0.22071266
0.22081389
-0.1253868
0.22081173
0.077131037
0.22081063
0.13586174
0.22083326
0.22067254
0.22067186
0.22079306
0.22086831
0.22066005
0.22041978
0.092985022
0.2206389
0.22048392
0.21335069
0.22087273
0.21743479
0.22087119
0.22078467
0.056628531
0.2208427
-0.21039605
0.22043209
0.22086064
0.22088952
0.22041274
0.22000577
0.22086254
0.2208688
0.22078142
0.22080941
0.22086628
0.22087392
0.22085061
0.22087747
0.22087133
0.2207852
0.22087441
0.22083763
0.22086532
-0.78124074
0.22086743
0.17353878
0.22079277
0.22076631
0.22044468
-0.52997749
0.22087889
0.22086908
-0.014542863
0.22087738
0.22089202
0.22087163
0.22084777
0.22085863
0.22067086
0.22086595
0.22087359
0.22086743
0.22081317
0.2208251
0.22078553
0.22088956
0.22052763
0.22069488
0.22082878
0.22084588
0.2174315
0.22085352
0.22087301
0.22014325
0.22081728
0.22082645
0.22072155
0.22078269
0.22082548
0.22085892
0.22081796
0.22077055
0.22086952
0.22085289
0.22080324
0.22076586
0.22032489
0.22087269
0.22059935
0.22084391
0.22073813
0.22079762
0.22065728
0.22083013
0.21985111
0.22077843
0.2208593
0.22076494
0.22063321
0.22084423
0.22077355
0.22086896
