0.10526691
0.10526691
0.10526691
0.10526691
0.10526691
0.10526691
0.10526691
0.10526691
0.10526691
0.10526691
0.10526691
0.10526691
0.10526691
0.10526691
0.10526691
0.10526691
0.10526691
0.10526691
0.10526691
0.10526691
0.10526691
0.10526691
0.10526691
0.10526691
0.10526691
0.10526691
0.10526691
0.10526691
0.10526691
0.10526691
0.10526691
0.10526691
0.10526691
0.10526691
0.10526691
0.10526691
0.10526691
0.10526691
0.10526691
0.10526691
0.10526691
0.10526691
0.10526691
0.10526691
0.10526777
0.10526691
0.10526691
0.10526691
0.10526691
0.10526691
0.10526691
0.10526691
0.10526691
0.10526691
0.10526691
0.10526691
0.10526691
0.10526691
0.10526691
0.10536184
0.10993125
0.10526691
0.10526691
0.10526691
0.10526691
0.10526703
0.10526691
0.10526691
0.10526691
0.10526691
0.10526691
0.10526691
0.10526691
0.10526691
0.10526691
0.10526691
0.10526691
0.10527463
0.10526691
0.10526691
0.10526691
0.10526691
0.10526691
0.10526691
0.10526691
0.10526691
0.10526691
0.10526691
0.10526691
0.10526691
0.10526691
0.10531164
0.10526691
0.10526691
0.10526691
0.10526691
0.10526691
0.10526691
0.10526691
0.10526691
0.10526691
0.10526691
0.10526691
0.10526691
0.10526691
0.10526691
0.10526691
0.10526691
0.10526691
0.10526691
0.10526691
0.10526691
0.10526691
0.10526691
0.10526691
0.10526691
0.10526691
0.10526691
0.10526691
0.10526691
0.10526691
0.10526691
0.10526691
0.10526691
0.10526691
0.105267
0.10526691
0.10526691
0.10526691
0.10526691
0.10526691
0.10526691
0.10526691
0.10526691
0.10526691
0.10526691
0.10526691
0.10526691
0.10527425
0.10526691
0.10526691
0.10526691
0.10526691
0.10526691
0.10526691
0.10526691
0.10526691
0.10526691
0.10526691
0.10526691
0.10526691
0.10526693
0.10526691
0.10526691
0.10526691
0.10526691
0.10526691
0.10526691
0.10526691
0.10526691
0.10526691
0.10526691
0.10526691
0.10526691
0.10526691
0.10526691
0.10526691
0.10526691
0.10526691
0.10526691
0.10526692
0.10526691
0.10526696
0.10526691
0.10526697
0.10526691
0.10526691
0.10526691
0.10526691
0.10526697
0.10526691
0.10526691
0.1052698
0.10526691
0.10526691
0.10526691
0.10526691
0.10534908
0.10526691
0.10526691
0.10526691
0.10526691
0.10526691
0.10526691
0.10526691
0.10526691
0.10526691
0.10526691
0.10526691
0.10526691
0.10526691
0.10527756
0.10526691
0.10526691
0.10526691
0.10526691
0.10526691
0.10526691
0.10526691
0.10526691
0.10526691
0.10526691
0.10526691
0.10526691
0.10526691
0.10526691
0.10526691
0.10526691
0.10526691
0.10526691
0.10526691
0.10526691
0.10526691
0.10526691
0.10526691
0.10526691
0.10526691
0.10526691
0.10526691
0.10526691
0.10526691
0.10526691
0.10526691
0.10526691
0.10526691
0.10526691
0.10526691
0.10526691
0.10526691
0.10526691
0.10526691
0.10526691
0.10526691
0.10526691
0.10526691
0.10518162
0.10526691
0.10526691
0.10526691
0.10526691
0.10526691
0.10526691
0.10526691
0.10526692
0.10526691
0.10526691
0.10526691
0.10526691
0.10526691
0.10526691
0.10526691
0.10526691
0.10526691
0.10526691
0.10526691
0.10526691
0.10526691
0.10526691
0.10526691
0.10526691
0.10526691
0.10526691
0.10526691
0.10526691
0.10526691
0.10526691
0.10526691
0.10526691
0.10526691
0.10526691
0.10526691
0.10526691
0.10526691
0.10526691
0.10526691
0.10526755
0.10526691
0.10526691
0.10526691
0.10526691
0.10526691
0.10526691
0.10526691
0.10526691
0.10526691
0.10526691
0.10526691
0.10526691
0.10526691
0.10526691
0.10526691
0.10526691
0.10526691
0.10526691
0.10526691
0.10526691
0.10526691
0.10526691
0.10526691
0.10526691
0.10526687
0.10526691
0.10526691
0.10526691
0.10526691
0.10526691
0.10526691
0.10526691
0.10526691
0.10526691
0.10526691
0.10526691
0.10526691
0.10526691
0.10526691
0.10526691
0.10526691
0.10526691
0.10526691
0.10526691
0.10526691
0.10526691
0.10526691
0.10526691
0.10526691
0.10526691
0.10526691
0.083128791
0.10526691
0.10526691
0.10526691
0.10526691
0.10526691
0.10526691
0.10526691
0.10526691
0.10526691
0.10526691
0.10526691
0.10526691
0.10526691
0.10526691
0.10526659
0.10526691
0.10526691
0.10526691
0.10526691
0.10526688
0.10526691
0.10525156
0.10526691
0.10524134
0.10526684
0.10526691
0.10523681
0.10526691
0.10526628
0.10526691
0.10473555
0.10526691
0.10526691
0.10526491
0.10526691
0.096083511
0.10526673
0.10526038
0.1052461
0.10526691
0.10523254
0.10494818
0.10526691
0.10523618
0.1051593
0.10526691
0.10526691
0.10526689
0.10526691
0.10526691
0.10521066
0.10526691
0.10526691
0.10526666
0.10526691
0.10526691
0.10526691
0.10526691
0.10526691
0.10526633
0.10243634
0.10526677
0.10526686
0.10526101
0.10526691
0.10526691
0.10526277
0.10526691
0.10526688
0.10526657
0.10518068
0.10520864
0.10526654
0.10526691
0.10526175
0.10525266
0.10525015
0.10526691
0.1052669
0.10526691
0.10524507
0.10526691
0.10526691
0.10526691
0.10526691
0.10526691
0.10526689
0.10526679
0.10486842
0.10526691
0.10402246
0.10524161
0.1052662
0.10526691
0.10526691
0.10526691
0.10526691
0.10526691
0.10526691
0.10503587
0.10526691
0.10526691
0.10526691
0.1052641
0.10526691
0.10526682
0.10525773
0.10526691
0.10526691
0.10526575
0.10526691
0.10519246
0.10526691
0.10526627
0.10526677
0.10526691
0.10526691
0.10526691
0.10526683
0.10526691
0.10526506
0.1052347
0.10526691
0.1052669
0.10526691
0.10526691
0.10526689
0.10526691
0.10526691
0.10526691
0.10526629
0.10526691
0.10526691
0.10523708
0.10526695
0.10526691
0.10526691
0.10526691
0.10526691
0.10526691
0.10526691
0.10526691
0.10526691
0.10526624
0.10526678
0.10526691
0.10526691
0.10526688
0.10526616
0.10526691
0.067331621
0.10526691
0.10526691
0.10526691
0.10526691
0.10526691
0.10526691
0.10329925
0.10526691
0.10526691
0.10526691
0.10526691
-0.020334492
0.10526691
0.10063826
0.10526691
0.10462568
0.10526691
0.10526691
0.10526691
0.10526691
0.10526691
0.10526691
0.10526691
0.10423098
0.10526691
0.10526691
0.10526689
0.10526691
0.10526691
0.10526691
0.10526691
0.10466853
0.10526691
0.10254969
0.10526691
0.10526691
0.10526691
0.10526691
0.10526691
0.10526691
0.10526691
0.10526691
0.10526691
0.10526691
0.10526691
0.10526691
0.10526691
0.10526691
0.10526691
0.10526691
0.10526691
0.10526691
0.05370501
0.10526691
0.10523662
0.10526691
0.10526691
0.10526691
-0.25006088
0.10526691
0.10526691
0.10103572
0.10526691
0.10526691
0.10526691
0.10526691
0.10526691
0.10526691
0.10526691
0.10526691
0.10526691
0.10526691
0.10526691
0.10526691
0.10526691
0.10526691
0.10526691
0.10526691
0.10526691
0.10526691
0.10526691
0.10526691
0.10526691
0.10526691
0.10526691
0.10526691
0.10526691
0.10526691
0.10526691
0.10526691
0.10526691
0.10526691
0.10526691
0.10526691
0.10526691
0.10526691
0.10526691
0.10526691
0.10526691
0.10526691
0.10526691
0.10526691
0.10526691
0.10526691
0.10526691
0.10526691
0.10526691
0.10526691
0.10526691
0.10526691
0.10526691
