0.38112381
0.41847882
0.40624728
0.37444318
0.36138086
0.39963823
0.4170853
0.39287555
0.39635365
0.3971147
0.37974649
0.38562471
0.39538118
0.392906
0.37802843
0.36506456
0.4196137
0.37162062
0.39482274
0.38142113
0.38138495
0.36197317
0.38091679
0.40542319
0.38140826
0.38850984
0.369558
0.36197317
0.37804114
0.37781657
0.41817127
0.37797236
0.37105418
0.38218553
0.36635175
0.37011003
0.36802409
0.40657074
0.36254857
0.40426902
0.36479622
0.40102677
0.38774534
0.36327841
0.66050893
0.37084778
0.36548817
0.38421114
0.38791357
0.38316873
0.40669089
0.3801874
0.37501854
0.39137453
0.36309908
0.40154853
0.38073486
0.43244786
0.37965
0.62690422
0.76519507
0.39173585
0.3819418
0.37859881
0.39910476
0.51014731
0.40302787
0.38720961
0.38742289
0.37115641
0.39176692
0.37745702
0.38465891
0.38448785
0.38623678
0.37690142
0.37631343
0.55072758
0.37274015
0.37587666
0.39831818
0.37843627
0.38661838
0.38668909
0.37675488
0.40172788
0.36448939
0.38354554
0.37554857
0.40000442
0.37633334
0.64206481
0.40813518
0.38139848
0.37910802
0.3839889
0.39642047
0.3729576
0.41659983
0.37308529
0.38453058
0.36700412
0.38156859
0.41582694
0.37627618
0.37575348
0.40599653
0.37703779
0.37276246
0.37683471
0.40692318
0.34944233
0.37579645
0.39119389
0.38766775
0.36631485
0.38996209
0.39873287
0.41143508
0.37903054
0.39835827
0.37474068
0.39351108
0.38333245
0.38555912
0.45003544
0.41678243
0.39930923
0.3648137
0.37948564
0.38582661
0.38820692
0.38845866
0.37350624
0.39418364
0.3974026
0.3727665
0.3897453
0.87610579
0.37784117
0.37212559
0.37264727
0.37837005
0.37233981
0.3768108
0.39049398
0.5001517
0.42965076
0.37373033
0.41555644
0.40082782
0.4272913
0.39721384
0.3791744
0.39614681
0.36925
0.39923327
0.3670291
0.38299548
0.38621
0.40105221
0.38319615
0.39009627
0.34894762
0.38264848
0.39896281
0.39514953
0.37709004
0.37305697
0.37167928
0.42596659
0.38021744
0.58598213
0.39371098
0.44969572
0.3845242
0.37237269
0.37234407
0.37202812
0.45523315
0.39522411
0.41302695
0.48785274
0.39706379
0.4033186
0.38981404
0.38258993
0.63215051
0.37860413
0.39093988
0.37117634
0.37060705
0.36470803
0.43535676
0.43014755
0.38013599
0.41381532
0.38486396
0.38324951
0.37756772
0.38246559
0.89027808
0.40330524
0.38952667
0.39454245
0.37915616
0.38882766
0.39184953
0.3611467
0.39479782
0.37018738
0.37924381
0.38052851
0.3713464
0.39027936
0.37662294
0.36678187
0.35821522
0.40223504
0.38867052
0.37426966
0.38840299
0.38215457
0.38010758
0.37448397
0.38793126
0.4067511
0.39143395
0.3834308
0.44561396
0.36057298
0.41917659
0.37002748
0.37847951
0.38527996
0.37677227
0.37901077
0.37677817
0.3798645
0.3705467
0.37379622
0.39225279
0.37343855
0.37878005
0.38170984
-0.67875995
0.41538187
0.38338774
0.40563111
0.37859834
0.38697571
0.38427229
0.38743339
0.48640123
0.39465116
0.38243045
0.38391861
0.37076641
0.36659955
0.39451531
0.37354502
0.37782029
0.38315869
0.371045
0.37196068
0.38398923
0.3837627
0.38342632
0.3721522
0.38135688
0.36831978
0.36631665
0.38624977
0.3761305
0.36617487
0.38873618
0.38965237
0.40950245
0.4141312
0.40091939
0.39231852
0.38429993
0.37202525
0.37416157
0.38769595
0.50085276
0.39740315
0.40991311
0.37708392
0.37413824
0.3831755
0.37770979
0.37015195
0.37729489
0.38365612
0.40198275
0.37262038
0.42367905
0.37356414
0.37798984
0.35313387
0.32541093
0.32327908
0.33247817
0.29064824
0.32392743
0.34328685
0.35187706
0.34218001
0.34114375
0.24687406
0.34093175
0.3584128
0.35059596
0.33759912
0.31976696
0.29951097
0.32764839
0.33710994
0.3514684
0.35467188
0.2899877
0.28168629
0.33291339
0.35662959
0.35097408
0.3480188
0.35349465
0.35818944
0.34241106
0.34539156
0.35610461
0.34715404
0.31318496
0.35266405
0.34439662
0.35224663
-0.02738752
0.33386383
0.35046157
0.33499524
0.35430778
0.36309908
0.36799237
0.37853767
0.31537051
0.34069322
0.3405429
0.35548389
0.30334249
0.23072454
0.30712012
-0.57378375
-0.0087658966
-0.027599682
-0.15928494
0.11863368
-0.41389433
0.044256564
-0.79649323
-0.03006826
-0.67696774
-0.40843689
0.13506412
-0.67754191
0.048356607
-0.50297353
-0.1786355
-0.99790869
0.025085464
-0.094867514
-0.80010968
-0.14790835
-1.1915986
-0.4992909
-0.58338602
-0.4930099
0.069570111
-0.51979323
-0.93344199
-0.021724626
-1.2090459
-0.93283669
0.16053628
0.010466967
-0.19193379
-0.058069695
0.080779161
-0.70140088
0.13225853
0.082210719
-0.36083745
-0.037365434
-0.16459185
0.1210503
0.0030085624
0.0039715977
-0.5158692
-0.63105962
-0.39838016
-0.23642535
-0.58831513
-0.057731084
-0.12847112
-0.76782017
0.14579997
-0.30737501
-0.27758875
-0.75215935
-1.097042
-0.56292004
0.23011341
-0.56816741
-0.85692083
-0.50477827
0.10247644
-0.22422294
-0.20948184
-0.71815056
0.11342841
0.19509898
0.0060002865
0.35379695
0.095969479
-0.23944756
-0.48699758
-0.64195435
0.22447659
-1.3552235
-0.67199189
-0.77400174
0.05306852
0.17936632
0.12311953
0.063086949
0.32097044
0.14780092
-0.72694317
0.18628336
0.033347614
-0.025947962
-0.5798281
0.32957513
-0.43379322
0.12830726
0.15642306
0.35729969
-0.48629736
0.28524863
-0.77877216
0.37163068
-0.2923805
0.012177206
0.37023093
0.029631337
0.092787787
-0.55718198
0.34922328
-0.31490478
-0.97232986
0.18936761
-0.29837445
0.061836227
-0.067964376
-0.32058579
0.35445747
0.045442516
0.12301332
-1.0115692
0.35597681
0.23826173
-0.7804958
0.45478245
0.16903051
0.20560624
0.34711403
0.34206018
0.29782598
0.138834
0.39584118
0.11104796
0.27778128
-0.18522078
0.10773639
0.33688266
-0.18805521
0.2595251
0.36408603
-0.02154043
0.34862646
0.33016283
0.28347934
0.37778913
0.34312348
0.34017619
0.05378933
0.3153445
0.33874576
0.30763826
0.31787355
-0.13822788
0.3298754
0.0069342735
0.31546355
0.10287522
0.35498613
0.32982861
0.31534975
0.32337628
0.3445259
0.31567588
0.32637312
-0.24645408
0.28653003
0.30715254
0.18520268
0.3482023
0.27974544
0.34695839
0.29809238
-0.15551479
0.32573517
-0.66653111
0.27251201
0.34559279
0.36625009
0.2916741
0.28514164
0.3385547
0.34728076
0.34162506
0.30910165
0.34117984
0.35001381
0.33668896
0.35697146
0.34763984
0.32963162
0.34981912
0.3257427
0.34418287
-0.99742817
0.34997849
0.11449722
0.30230174
0.29986932
0.24646605
-0.58876739
0.35327541
0.34487852
-0.19419503
0.35225562
0.36260738
0.35562495
0.33637772
0.33663041
0.29775059
0.34606362
0.35767021
0.35461203
0.33908068
0.32616521
0.35683214
0.36680669
0.32211129
0.31893079
0.33700046
0.33401977
0.26618633
0.34266456
0.35155833
0.33078346
0.34179857
0.31842128
0.31949641
0.31416757
0.33401146
0.34411418
0.33062574
0.32221094
0.34661268
0.33592092
0.32043443
0.32522193
0.27597514
0.34720114
0.29981038
0.3368999
0.31825824
0.33102212
0.29830501
0.32579894
0.29050688
0.33198004
0.34298184
0.30801224
0.2986516
0.33591795
0.34134916
0.35731799
