0.46718986
0.67890961
0.70263079
0.37758754
0.25187151
0.64740805
0.52765349
0.56625247
0.63761546
0.65341725
0.4888777
0.54996258
0.73898368
0.66180509
0.40729726
0.26173936
0.89301428
0.33145298
0.61136621
0.60991917
0.49052113
0.23088331
0.49935565
0.87048473
0.39260128
0.63615244
0.3284279
0.23088331
0.46874562
0.45269475
0.67663687
0.49718264
0.28980432
0.55933709
0.32266886
0.35370836
0.31709113
0.80239056
0.22129442
0.84559998
0.25011642
0.7831329
0.62317237
0.2214786
0.92719562
0.29675329
0.24272642
0.33424339
0.64875654
0.61229876
0.934784
0.51078114
0.43740367
0.65022272
0.20902339
0.66858483
0.50573756
1.0953622
0.52403011
0.79739125
0.83466524
0.75017982
0.46608346
0.46108007
0.74929838
0.62118731
0.62341808
0.43746105
0.6932353
0.35633665
0.35609217
0.4257705
0.56003386
0.53981405
0.66231535
0.44491625
0.48116197
0.81423272
0.34866643
0.44524616
0.73626005
0.4552809
0.56787628
0.51385576
0.2943235
0.79915758
0.22410373
0.47120168
0.38163446
0.7156034
0.42995764
0.79515144
0.79664791
0.52121402
0.474308
0.40259368
0.6547025
0.38373581
0.87409535
0.41328045
0.54259735
0.23477374
0.52554438
0.67304967
0.45741711
0.4613819
0.93320877
0.47508888
0.39581791
0.44857131
0.79663931
-0.050222827
0.43791413
0.57853152
0.57959993
0.25990835
0.7064511
0.46579877
0.91835393
0.43951917
0.78367556
0.32360043
0.63551586
0.4624625
0.45826762
0.55235616
0.52931372
0.60195033
0.17374994
0.41990187
0.56908564
0.56489323
0.6950384
0.44690572
0.60661097
0.47786064
0.4139791
0.63368759
1.0888698
0.49587069
0.37842274
0.35143386
0.44380496
0.41073751
0.42297969
0.75985129
0.76542342
0.55486073
0.40831172
0.98206898
0.59040869
0.57502719
0.71613361
0.53217816
0.53281463
0.35205401
0.71200868
0.42573521
0.49320085
0.60211508
0.76172674
0.61466755
0.7217621
0.43642076
0.56325838
0.75263439
0.57301173
0.39848887
0.3850447
0.33117018
0.62357292
0.56724573
1.0990268
0.5950873
0.83314758
0.55502916
0.38733919
0.34038406
0.5349389
0.52672784
0.78419294
0.82860136
0.80059651
0.7383835
0.72803845
0.49613876
0.40048378
0.90744102
0.48714988
0.59396577
0.50417346
0.35107977
0.30605448
1.3088388
0.89533959
0.50830894
0.66098404
0.57144611
0.58881581
0.48773193
0.46678429
1.2211688
0.82448691
0.70960853
0.53852045
0.43731021
0.67149597
0.7304333
0.29786366
0.6725396
0.28141436
0.48577806
0.47401492
0.3611477
0.61510419
0.50024569
0.28685726
0.1756877
0.74185261
0.47140782
0.37220231
0.55513264
0.55808151
0.46183982
0.42430935
0.58812931
0.75115206
0.77551008
0.5458131
0.99572357
0.067814559
0.87218087
0.32874983
0.46342777
0.61787008
0.40261471
0.44415678
0.44869041
0.47261746
0.34331261
0.51344491
0.5448193
0.38021996
0.5198689
0.42477941
-1.2252821
0.93365901
0.45531037
0.80057985
0.36130633
0.38241914
0.51670471
0.58476978
0.77108669
0.65010424
0.53552318
0.4376585
0.4367177
0.3162277
0.73007134
0.41041903
0.46276945
0.57908719
0.29881138
0.35224619
0.52907744
0.56253714
0.54745582
0.35825077
0.54176971
0.3194918
0.24290647
0.55421038
0.3763306
0.24208932
0.49354547
0.61244643
0.55837646
0.64100536
0.68383599
0.50992265
0.66377796
0.43171556
0.38714601
0.57829207
0.5816043
0.64667725
0.77110461
0.50894689
0.39486456
0.55720519
0.39157965
0.31375786
0.40666775
0.49653189
0.71850791
0.32985795
0.73584032
0.38687058
0.45123962
0.032864436
-0.39543298
-0.41456685
-0.31814995
-0.70478686
-0.49065398
-0.16704765
-0.021668938
-0.20264154
-0.14446374
-0.31187141
-0.042770553
0.096512425
-0.047697233
-0.30538468
-0.45537789
-0.61275695
-0.38255072
-0.2722407
-0.044414783
0.03956661
-0.68316168
-0.76619074
-0.3101812
0.044460729
-0.093845612
-0.1205735
-0.024280975
0.073614057
-0.16690144
-0.16587708
0.035409305
-0.16475836
-0.58595184
-0.017287327
-0.1303139
-0.035931222
-0.65575495
-0.21429669
-0.057265565
-0.34823304
0.0472416
0.20902339
0.29238279
0.17308925
-0.44953198
-0.21991935
-0.16600177
0.058680019
-0.74281695
-0.72888079
-0.64863187
-1.1320929
-0.7500633
-0.71687883
-0.93727504
-0.74264991
-1.1943424
-0.72970586
-1.320066
-0.68628421
-1.1927484
-1.2621297
-0.58677825
-1.2952327
-0.72992839
-1.1991412
-0.861105
-1.533703
-0.73151699
-1.0677376
-1.4013005
-0.95837969
-1.5155435
-1.2431144
-1.1944158
-1.3245471
-0.70732883
-1.1897843
-1.4557293
-0.78758187
-1.6749464
-1.4104309
-0.5311108
-0.83966055
-0.67625339
-0.62405304
-0.72605354
-1.2679976
-0.58816384
-0.68557715
-1.0206266
-0.83957253
-1.0141328
-0.56760824
-0.72395824
-0.64490698
-1.1511493
-1.1284879
-1.1298875
-0.92617235
-1.2457634
-0.83185255
-1.0844861
-1.372968
-0.55304542
-1.2641908
-1.0578591
-1.3058737
-1.3466212
-1.3125767
-0.42188244
-1.2347975
-1.2694329
-1.1611869
-0.7163328
-1.093786
-1.0837744
-1.4098222
-0.77911471
-0.52908391
-0.79008936
0.16911863
-0.6961327
-1.000503
-1.3530548
-1.1665634
-0.59880556
-1.7094139
-1.3095575
-1.4596499
-1.0900369
-0.88165235
-0.74724393
-0.67407677
-0.051827176
-0.51478542
-1.2746238
-0.53718135
-0.86720314
-0.83166633
-1.3970329
-0.18412652
-1.253142
-0.5939048
-0.57152858
0.13669105
-1.2569662
-0.04857437
-1.3569887
0.32751334
-1.0277386
-0.92946093
0.32913826
-0.65026903
-1.0514022
-1.3324265
-0.03476628
-1.0656234
-1.4292854
-0.60133108
-1.1025075
-0.70899413
-0.93575803
-1.3182266
0.067615971
-0.93765456
-0.58544134
-1.8185679
0.090445597
-0.67147241
-1.4148966
0.4097419
-0.78420382
-0.71481446
0.0095602825
-0.16345135
-0.21328068
-0.63255356
0.34362789
-0.97579473
-0.092110182
-0.75022104
-0.54410216
-0.18405973
-0.96929975
-0.052918477
0.16659332
-0.64920457
-0.091315766
-0.38147725
-1.0243262
0.15105081
-0.20543996
-0.20185504
-0.84172831
-0.47859484
-0.30840262
-0.57223268
-0.6134724
-0.94194656
-0.28591518
-1.0155499
-0.55958745
-0.77989724
0.049504783
-0.28650964
-0.3876769
-0.36457788
-0.14449539
-0.43201968
-0.30600551
-0.98622568
-0.7754365
-0.38292659
-0.66223703
-0.079656458
-0.56485016
-0.10192986
-0.78604254
-0.72201575
-0.41360654
-0.97065037
-0.80378464
-0.17051089
0.26456351
-0.71784098
-0.65903425
-0.28607275
-0.038834346
-0.079053704
-0.70405
-0.23735521
-0.04408038
-0.27552349
0.093643965
-0.10668765
-0.24625934
-0.055802541
-0.49298069
-0.15905217
-1.0225838
-0.064329014
-0.72240311
-0.74073224
-0.57397688
-1.0859628
-0.94016588
0.01458043
-0.15853777
-0.7636739
-0.031694262
0.1694046
0.034619667
-0.29298764
-0.204933
-0.56273517
-0.13134804
0.069782002
-0.00071188804
-0.21329141
-0.44076574
0.13609352
0.28949758
-0.20326712
-0.37820004
-0.21646537
-0.28396465
-0.5642937
-0.13659197
-0.06267064
-0.18713165
-0.19094368
-0.50078839
-0.40149693
-0.52629484
-0.28149761
-0.14316995
-0.33947508
-0.48483361
-0.11598049
-0.32019085
-0.51460134
-0.36088776
-0.84005867
-0.13455445
-0.6932147
-0.29481464
-0.43228139
-0.27793922
-0.74023193
-0.45344025
-0.62429482
-0.31092751
-0.1886906
-0.613605
-0.65100127
-0.26073962
-0.086033686
0.087888957
