0.23373309
0.87710673
0.99535444
1.2622298
0.96960744
0.64607856
0.82887146
0.91565695
1.2910303
0.94251165
1.3360358
0.036073304
1.2639622
0.83889453
0.5314552
0.81252393
1.0182384
1.2125829
0.72402428
1.274043
1.2445685
1.0107948
0.37152416
1.0235204
0.90380266
0.47628118
1.3201938
0.42413794
1.1945386
0.83730937
0.4590071
0.48592489
0.95935675
1.0414447
0.66100412
1.4940269
1.3895474
0.045444875
0.86384651
0.7999997
1.1524091
0.8443358
0.44681882
2.4468185
0.87870873
0.73902662
1.7235959
1.2317079
0.65934389
0.98594226
0.38439255
0.57064477
0.62701702
1.480901
1.1131651
0.87870633
1.1062046
0.97903932
0.83528499
1.3734962
1.4200522
1.3943294
0.23283131
0.050734686
1.2185549
0.45108019
0.75745922
0.42830977
1.1731869
0.87079891
0.93670505
1.0993209
1.3607029
2.0293608
0.52734584
1.2643427
1.3300595
0.69552299
1.7868666
0.98496465
0.97957895
0.97930856
1.0291021
0.53089495
0.98656921
1.9710182
1.6286925
1.0628403
1.828198
1.544597
0.59529265
1.2512009
0.3494064
1.1334278
1.5757935
0.5001314
1.4070487
1.5006363
1.1849691
1.1195974
1.1519229
0.41990652
0.95904562
0.68643307
1.0903559
1.7850718
1.3725175
0.65567959
0.91240131
0.4873679
1.0871783
0.64384661
0.89289644
0.62725791
0.84034662
0.48778299
0.80287825
0.97087306
1.2357232
0.53159781
0.61837459
0.57647496
1.6848923
1.3733325
1.0374113
1.3844193
1.1385969
1.2541376
0.88349182
0.88842582
0.97942902
0.17035291
0.72716489
1.8216743
0.95652738
0.83116495
1.0244051
0.6922815
0.58547074
0.51019029
1.0951051
0.8512334
0.83435746
0.76261708
1.8342425
0.95431575
1.065799
0.7626126
0.84093776
1.4512969
1.2767034
0.41783971
1.120588
1.1370717
0.88188928
0.34612234
1.4429018
0.97678318
0.46902442
1.3502331
1.5127013
1.1052472
0.65433569
1.1410686
0.2838815
0.48768941
1.2132519
0.9209918
0.79465667
0.41308538
1.283931
1.2226745
0.90927749
1.2937237
1.1577752
1.3684745
1.4145075
0.32966959
1.2260319
1.2245807
1.402674
0.93937823
1.9236179
0.53782139
0.83939767
0.704668
0.580042
0.88892955
0.13861355
0.50788249
0.68200972
0.84663581
0.67396931
0.60273482
0.95598229
1.1708727
-0.12574017
0.94078831
1.1734431
1.1972007
-1.1250593
-1.2922508
-0.8899261
-1.2036644
-1.9054739
-0.46478855
-1.393889
0.58414219
-0.75109624
0.074045466
-1.8081418
-0.59521086
-0.37287246
-1.6212927
-0.43852941
-1.3533628
-1.037249
-0.81290085
-0.89188379
-1.3375557
-0.91293374
-1.0934863
-1.6596421
-0.536714
-1.6710375
-0.81202973
-0.82966479
-0.87163582
-2.0072034
-1.5945861
-0.66047836
-1.0958582
-2.0067549
-0.80615938
-0.74998612
-1.66591
-0.93034528
-0.45901303
-0.91444903
-1.1692999
-1.7991565
-1.7666201
-1.0459546
-0.86264918
-1.5116212
-0.66772616
-1.6135936
-0.48859125
-0.59496439
-0.57334098
-1.4322678
-1.1298362
-0.39998745
-0.563098
-1.6801188
-1.9265897
-0.37919002
-1.4403729
-0.33722444
-1.3852657
-2.1165908
-1.0445256
-0.29863174
-0.741
-0.40192707
-2.1196678
-0.43221625
-1.4321899
-2.0438643
-0.99361189
-1.5715987
-0.97893635
-2.1809954
-1.3622598
-0.56030432
-2.4501809
-0.84210746
-0.023239126
-1.0137023
-0.58601785
-1.8828678
-2.2168745
-1.0286993
-1.7579246
-1.2047207
-1.7467257
-1.7453951
-1.6665104
-1.2458973
-0.41215795
-1.7159111
-0.74848373
-0.73380428
-0.82672406
-1.1761606
-0.64065517
-0.87288167
-1.1710319
-1.0712104
-1.8031661
-1.6706857
-0.5583491
-1.5764832
-1.2474274
-1.0062217
-1.3203965
-1.975959
-1.4110402
-1.8215926
-0.74594277
-1.0434652
-1.8366266
-1.3731857
-2.2872986
-1.3534742
-0.76664945
-1.9374002
-0.84771571
-1.2451521
-0.81354626
0.11941539
-0.65676593
-0.44353923
-1.0000162
-1.2725147
0.22830367
-0.84143059
-0.67858163
-0.088732397
-1.9337577
-0.80559783
-1.0624551
-1.7148105
-1.1849314
-0.47385423
-1.4603904
-1.0212088
-0.47049549
-0.2655152
-1.2613201
-1.0262738
-1.5062284
-0.70117366
-1.6593924
-1.8986243
-1.2790475
-1.2182877
-1.0121065
-1.8193207
-2.0783454
-0.99917163
-0.6066333
-0.75063004
-0.55967102
-2.1621938
-1.0993986
-0.2633464
-1.0057158
-0.1444793
-0.99982469
-1.7091899
-1.1575821
-0.62136433
-0.67298183
-2.2139705
-0.90427864
-0.36798911
-1.4980984
-0.44036477
0.072509623
-1.6069494
-1.9336484
-1.4241315
-1.6851814
-0.73280182
-0.54633542
-0.62125779
-0.50107481
-1.6541
-1.0265514
0.086164014
-1.0774239
-1.1282571
-0.89699321
-1.8977336
-1.6405025
-0.4161376
-0.5481167
0.43985628
-2.1775886
-1.6023203
-0.9017593
-0.68710699
-1.3845046
-0.68231528
-1.9202321
-2.0568938
-0.6259586
-1.1689957
-1.6884004
