0.32914529
0.33499682
0.33154699
0.32882849
0.32820313
0.3309124
0.33769531
0.33035093
0.33054603
0.33055339
0.32885429
0.32909137
0.32938086
0.32940108
0.32882566
0.32837158
0.33158725
0.32886734
0.32952405
0.32589613
0.32902631
0.32793603
0.32888218
0.3298211
0.32974778
0.32911546
0.32850136
0.32793603
0.3287437
0.32874877
0.33677808
0.32874286
0.32860818
0.32904382
0.32840546
0.32849388
0.3284083
0.33011487
0.32820773
0.32973958
0.32830833
0.33017808
0.32909639
0.32827598
0.42776538
0.32854902
0.32834144
0.33163445
0.3290898
0.32887116
0.32999171
0.32888854
0.32859011
0.32929858
0.32825925
0.33084085
0.32884958
0.33141557
0.32881349
0.45528087
0.59629266
0.32924835
0.32940062
0.32900304
0.33002954
0.3789937
0.33295304
0.33081703
0.3290323
0.32851323
0.33113193
0.3292671
0.3291524
0.32902503
0.32902618
0.32872212
0.32864775
0.41372507
0.32857522
0.32864244
0.32957805
0.3287869
0.32911542
0.32961093
0.32969403
0.3297372
0.32831335
0.32925354
0.32869688
0.32974747
0.32870946
0.45962715
0.33019046
0.3290567
0.32888414
0.32988648
0.32995319
0.32877922
0.33097003
0.32852879
0.32902074
0.3284123
0.32902441
0.33349413
0.32867409
0.32866733
0.33022419
0.32871402
0.32861145
0.3292294
0.32998425
0.3278079
0.32883067
0.33015364
0.32929368
0.32835535
0.32914235
0.33286636
0.33008412
0.3289027
0.32957021
0.3288405
0.32938747
0.3291911
0.3295742
0.3526882
0.3371734
0.33012364
0.328358
0.32952307
0.32899879
0.32978035
0.32908723
0.32846551
0.33017712
0.33373935
0.32855772
0.32930472
0.62359438
0.32872248
0.32864638
0.32872508
0.32878427
0.32849235
0.32872554
0.32913312
0.35197184
0.33629921
0.32860863
0.33026836
0.33227048
0.34591176
0.32965244
0.32882202
0.3319663
0.32843055
0.32970056
0.32803332
0.32908974
0.32927114
0.33066148
0.32888366
0.32915513
0.32123421
0.32889376
0.33002054
0.32985224
0.32923716
0.3285645
0.32855981
0.34418615
0.32877415
0.37977816
0.32987253
0.34982691
0.32901365
0.32855481
0.32865193
0.32842454
0.35388432
0.32943237
0.33215733
0.37408061
0.32960423
0.33108456
0.33130534
0.33080671
0.46040214
0.32894328
0.32958038
0.32789659
0.32851561
0.32828657
0.33103235
0.33376781
0.32887441
0.33371056
0.32901935
0.32899618
0.32874884
0.32915649
0.62801122
0.32978406
0.32922492
0.33047305
0.32890712
0.32909805
0.32926354
0.32748871
0.32955678
0.32852241
0.32889643
0.32895622
0.32853087
0.33010137
0.32863426
0.32811866
0.32795085
0.32988782
0.33110797
0.32864761
0.32964956
0.32892969
0.32887512
0.32866872
0.32916437
0.3302201
0.32918089
0.32894962
0.33639353
0.32838783
0.33097506
0.32847576
0.32885718
0.32898216
0.32920447
0.3289467
0.32889448
0.32896675
0.32853005
0.32822806
0.32950439
0.32866818
0.32880201
0.32926354
-0.16301962
0.33036298
0.32955643
0.32988287
0.32992128
0.33122196
0.32913098
0.32910757
0.35810618
0.32989598
0.32860385
0.32999866
0.32810506
0.32777915
0.32942
0.32857121
0.32887341
0.32900637
0.32872748
0.32856722
0.32893779
0.32899833
0.3291044
0.32858733
0.32891655
0.32839197
0.32838019
0.32935589
0.32877268
0.32840121
0.33025224
0.32928671
0.33747422
0.3379679
0.33006726
0.33234112
0.32893926
0.32822405
0.32875667
0.32916964
0.37457602
0.33079711
0.33276803
0.32867966
0.32879294
0.32897814
0.32903852
0.32864375
0.32886731
0.32901366
0.33022437
0.32877766
0.33328452
0.32859665
0.32894705
0.32777199
0.32661711
0.32653307
0.32651282
0.32093699
0.32643451
0.32753066
0.32790144
0.32739322
0.32692252
0.30156642
0.32642772
0.32809895
0.32780071
0.32733113
0.32611068
0.32391494
0.32672905
0.32734472
0.32783824
0.32785127
0.32365252
0.32335086
0.32710477
0.32803373
0.32797776
0.32768498
0.32791747
0.32793854
0.32745159
0.32752509
0.32802611
0.32792858
0.32541472
0.3279265
0.32750877
0.32815563
0.048122509
0.32645836
0.32778686
0.32714002
0.32778528
0.32825925
0.3282952
0.33270952
0.3251032
0.32759466
0.32727284
0.32801501
0.32569818
0.31584072
0.3257356
-0.0029352932
0.25898683
0.25631453
0.21047341
0.30384314
0.08287061
0.28096164
-0.18576478
0.25463951
-0.18439633
0.059293306
0.30102173
-0.13332168
0.2863618
0.025198447
0.19451872
-0.43809307
0.27347351
0.23663913
-0.15069178
0.18635335
-0.83421257
0.066335977
-0.07084112
0.0061592063
0.2852699
-0.065235864
-0.33030519
0.26086991
-0.40197502
-0.38917347
0.3053749
0.27217305
0.16253212
0.24236576
0.28846729
-0.22702992
0.29749572
0.28699859
0.062599842
0.25155314
0.22371221
0.30048592
0.26850501
0.25604772
0.0059641128
-0.27406107
0.096202314
0.16962083
-0.059725723
0.24959154
0.23115239
-0.19226655
0.30339398
0.17196476
0.1209162
-0.39479299
-0.51341486
-0.039623725
0.31756936
-0.042789356
-0.38343525
-0.066061385
0.29409601
0.18048134
0.21145587
-0.11686375
0.29656277
0.31366925
0.27319919
0.32777105
0.29415174
0.16443401
0.059538025
-0.19525084
0.31666854
-0.50522573
-0.27060132
-0.11671825
0.29563332
0.31334707
0.30200499
0.28349702
0.32600739
0.2992484
-0.26926692
0.31124374
0.285059
0.26351842
0.0070089792
0.32395389
0.092718047
0.24141063
0.30747724
0.32798122
-0.045435841
0.32202712
-0.27264124
0.32829779
0.10051234
0.25947178
0.32866024
0.27721521
0.30088287
0.064673216
0.32768886
0.14339784
-0.30095262
0.3107195
0.17587542
0.2813842
0.24425596
0.171461
0.32774596
0.27997688
0.29933316
-0.17554239
0.32794664
0.31776241
-0.1626405
0.36130816
0.30586135
0.31484977
0.32773152
0.32751401
0.32425397
0.3031429
0.33282627
0.30128732
0.29459177
0.18026859
0.28996888
0.32715632
0.20612036
0.2885465
0.32830162
0.028159613
0.32775598
0.32693841
0.32494997
0.33080235
0.32738504
0.32730748
0.15951994
0.32578389
0.32733824
0.32529972
0.32645719
-0.056099941
0.32670496
0.12739499
0.32634732
0.19244306
0.32765505
0.32605822
0.32558728
0.32639606
0.32765232
0.32531998
0.32497644
0.074185353
0.32413119
0.32414439
0.29669786
0.32777758
0.31480714
0.3277335
0.32563466
0.032478682
0.32691919
-0.34945982
0.32245995
0.32759328
0.32835571
0.32332112
0.32120384
0.32744483
0.32767889
0.3269002
0.32619114
0.32755794
0.32783554
0.32727012
0.3280201
0.32775274
0.32651559
0.32783414
0.32690019
0.32760762
-0.88895632
0.32776151
0.22855742
0.32583707
0.32547349
0.32146065
-0.49175934
0.32795772
0.32766388
-0.020176464
0.32791989
0.32829554
0.32794173
0.32725039
0.32734313
0.32475346
0.3276552
0.32801077
0.32786244
0.32700399
0.32675206
0.32744934
0.32836239
0.32493668
0.32565153
0.3270436
0.32714699
0.3135721
0.32744345
0.32785496
0.32408789
0.32715908
0.32657399
0.32577056
0.32609176
0.32695209
0.32752876
0.32684787
0.32627649
0.32769931
0.32727653
0.32642897
0.32620342
0.32191131
0.32776547
0.32448293
0.32723611
0.3257936
0.32662608
0.3247963
0.32680263
0.32086437
0.32658411
0.32750167
0.32577511
0.32466199
0.32717372
0.32680127
0.32796136
