0.14811892
0.14827908
0.14814723
0.1481165
0.14811494
0.1481374
0.14851056
0.14813053
0.14812763
0.1481274
0.14811522
0.14811561
0.14811571
0.14811625
0.14811529
0.1481152
0.14812966
0.14811993
0.14811628
0.14789493
0.14811643
0.14811232
0.14811523
0.14811631
0.14813312
0.14811539
0.148115
0.14811232
0.14811505
0.14811505
0.14851636
0.14811516
0.14811523
0.1481161
0.1481151
0.14811494
0.1481148
0.14811967
0.14811458
0.14811603
0.14811472
0.1481253
0.14811542
0.14811473
0.15880199
0.14811493
0.14811474
0.14822948
0.14811538
0.14811512
0.14811796
0.14811546
0.14811468
0.14811578
0.14811469
0.14814603
0.14811517
0.14812193
0.14811524
0.18006875
0.26581329
0.14811576
0.14812309
0.14811666
0.14812159
0.15353742
0.14828045
0.14817278
0.14811529
0.14811486
0.14814181
0.14812532
0.14811651
0.14811535
0.14811539
0.14811513
0.14811493
0.16331023
0.14811486
0.14811474
0.14811625
0.14811515
0.14811551
0.14812189
0.1481323
0.14811651
0.14811474
0.1481176
0.1481151
0.14811669
0.14811508
0.18199805
0.14811782
0.14811639
0.14811564
0.14813535
0.14812385
0.14811768
0.14812689
0.14811464
0.14811549
0.14811486
0.148117
0.14824524
0.14811501
0.14811504
0.14812622
0.14811504
0.14811516
0.14812611
0.14811631
0.14811446
0.14811696
0.14813737
0.14811783
0.14811475
0.14811545
0.1481854
0.1481166
0.14811576
0.14811655
0.1481158
0.14811579
0.14811801
0.14812264
0.15098125
0.14834243
0.14812168
0.14811457
0.14812938
0.14811478
0.14812949
0.14811539
0.14811406
0.14812296
0.14833822
0.14811491
0.14811652
0.19776607
0.14811502
0.14811586
0.1481155
0.14811511
0.14811455
0.14811506
0.14811542
0.14870681
0.14820642
0.14811496
0.14811689
0.1481995
0.1499444
0.1481168
0.14811565
0.14820642
0.14811477
0.14811674
0.14811285
0.14811612
0.14811813
0.14814377
0.14811514
0.14811552
0.14764266
0.14811516
0.14812574
0.14812206
0.14812038
0.14811489
0.14811496
0.14964451
0.14811503
0.15186054
0.1481237
0.15058056
0.14811538
0.14811492
0.14811538
0.14811517
0.15079811
0.14811631
0.14815938
0.15708573
0.14811686
0.14816016
0.14819254
0.14818256
0.1839213
0.14811601
0.14811933
0.14810333
0.14811501
0.14811467
0.14811794
0.14822421
0.14811551
0.14828511
0.14811555
0.14811567
0.14811519
0.14811734
0.19819355
0.14811638
0.14811605
0.14814099
0.14811555
0.14811535
0.14811573
0.14810005
0.14811728
0.14811493
0.1481161
0.14811552
0.14811496
0.14813065
0.14811476
0.14811134
0.14811338
0.14811716
0.14818824
0.14811498
0.14812101
0.14811555
0.14811535
0.14811532
0.14811561
0.14811871
0.14811546
0.1481153
0.14832453
0.14811594
0.14812097
0.14811483
0.14811586
0.14811524
0.14812026
0.14811621
0.148116
0.14811618
0.14811512
0.14811114
0.14811635
0.14811546
0.14811546
0.14811843
0.047507968
0.14811794
0.14812358
0.14811634
0.1481423
0.14817074
0.14811598
0.14811548
0.15051708
0.14812394
0.14811095
0.14814036
0.14810932
0.14810368
0.1481161
0.14811489
0.14811572
0.148116
0.14811623
0.14811498
0.14811494
0.14811556
0.1481164
0.14811504
0.14811564
0.14811467
0.14811481
0.14811958
0.14811527
0.14811488
0.14813703
0.14811604
0.14868337
0.14873959
0.14811919
0.14825898
0.14811528
0.14811173
0.14811619
0.14811553
0.15462931
0.14814596
0.14821931
0.14811497
0.14811691
0.14811549
0.14811771
0.14811642
0.14811577
0.14811545
0.14812523
0.14811695
0.14816882
0.14811491
0.14811669
0.14811336
0.14811022
0.14811064
0.14810259
0.14790737
0.1481059
0.14811382
0.1481144
0.14811304
0.1481077
0.145787
0.1480925
0.14811454
0.14811399
0.14811337
0.14810631
0.14807191
0.14811075
0.14811372
0.14811392
0.14811327
0.14808361
0.14808327
0.14811281
0.14811442
0.1481156
0.14811378
0.14811422
0.14811331
0.14811348
0.14811337
0.14811445
0.14811571
0.14809779
0.14811445
0.14811343
0.14811806
-0.029624195
0.14810201
0.148114
0.14811253
0.14811303
0.14811469
0.14811423
0.14830695
0.14807243
0.14811492
0.14811258
0.14811448
0.14810946
0.14795348
0.14810761
0.12349211
0.14645182
0.14630934
0.14355363
0.14790739
0.13299676
0.14737626
0.067553413
0.14595588
0.076834844
0.12785664
0.14787888
0.075163964
0.14749818
0.12030001
0.14243415
-0.071456145
0.14708171
0.14523908
0.10319093
0.14132335
-0.28378034
0.13039304
0.098280568
0.096639917
0.14744298
0.084468449
0.00086492682
0.14697463
0.036414657
-0.0041674829
0.1478978
0.14722156
0.14063335
0.14545428
0.14756539
0.050541686
0.14774805
0.14752691
0.12968046
0.1460859
0.14396578
0.1478959
0.14652073
0.1457677
0.11811999
-0.0088095931
0.13284486
0.13793639
0.1026742
0.14626428
0.14583702
0.09647359
0.14786536
0.14007156
0.13063612
-0.02124569
0.023196556
0.11621128
0.14806774
0.11430114
0.040449773
0.089840527
0.14765309
0.14017414
0.14351515
0.075516311
0.14756328
0.14803935
0.14670735
0.14811419
0.14765068
0.1384572
0.12857722
0.040000617
0.14799106
-0.062011446
0.034877953
0.1069436
0.14779772
0.1480062
0.14787112
0.14714631
0.1481102
0.14779889
0.020607695
0.14800777
0.14762753
0.14681355
0.11294814
0.14796289
0.13170362
0.13078818
0.14797077
0.14811408
0.10448173
0.14808659
0.059805894
0.14811339
0.12884713
0.14304279
0.14811791
0.14707338
0.14780596
0.13182879
0.14811382
0.13333072
0.039185104
0.14797243
0.14087944
0.14676544
0.1451916
0.14003796
0.14811286
0.14705541
0.14781329
0.10575254
0.14811415
0.14799935
0.071129545
0.15154964
0.14769256
0.14799898
0.14811668
0.14811405
0.14810594
0.14787969
0.14821383
0.14773427
0.14259972
0.13925816
0.14747019
0.14811323
0.14145096
0.14211298
0.14811461
-0.063566477
0.14811402
0.14811163
0.14810856
0.14815552
0.14811282
0.1481126
0.069161623
0.1481062
0.14811317
0.14810322
0.14811144
-0.16739934
0.14811078
0.043104423
0.14811141
0.093753376
0.14810956
0.14808823
0.14809081
0.14810926
0.14811413
0.14809347
0.14803697
0.074742542
0.14809719
0.14806448
0.14603844
0.14811428
0.1471394
0.14811423
0.14811054
0.05453328
0.14811325
-0.12002646
0.14807165
0.14811355
0.14811474
0.14805844
0.14798755
0.14811398
0.14811414
0.14810494
0.14811162
0.14811409
0.14811428
0.1481133
0.14811429
0.14811421
0.14810812
0.14811433
0.14811275
0.14811394
-0.64216864
0.14811386
0.12484923
0.14811089
0.1481092
0.14808198
-0.54783929
0.14811449
0.14811416
-0.013810553
0.14811443
0.14811507
0.14811383
0.14811299
0.14811382
0.14809858
0.14811394
0.1481139
0.14811369
0.14810971
0.14811202
0.14810235
0.14811475
0.14806861
0.14809789
0.14811178
0.14811316
0.14718008
0.14811318
0.14811418
0.14797164
0.14810932
0.14811242
0.1481021
0.14810863
0.14811157
0.14811355
0.14811063
0.14810588
0.14811416
0.14811349
0.14811031
0.1481068
0.14805624
0.14811429
0.14808781
0.14811256
0.1481047
0.14810935
0.14809535
0.14811235
0.14794476
0.14810642
0.14811365
0.14810772
0.14809258
0.14811297
0.14810506
0.14811346
