1.1768
1.2130172
1.6796618
0.73171327
0.94319205
1.2597543
0.71804696
0.71150827
0.71214434
0.82442937
0.62171163
1.1565783
1.0002232
0.87441817
0.99945749
0.84340311
0.55614671
1.567118
1.247306
1.1826947
0.71687469
0.92994713
1.0213316
0.94608897
0.77250645
1.31219
0.82809594
0.57012509
1.3614454
0.44197215
2.047439
0.892862
0.67494367
0.88267927
1.9603103
0.95976459
0.558126
0.93801243
0.81329548
1.1998035
1.1899505
1.3532181
0.90468941
1.7793948
1.0244789
0.73609412
1.1980447
0.67914989
0.89924726
1.3186755
1.1334169
1.3530532
0.71653992
2.2036037
1.3173285
0.65428164
1.0475038
0.8338115
2.2055577
0.934025
1.0972065
1.6179574
1.65688
1.5617125
1.7121326
1.2083543
0.84196377
1.0373103
1.3132609
0.66381567
0.82302726
1.1035601
1.2476751
0.61501776
0.99302882
0.71047
1.3044802
1.2366951
0.64017401
0.79860666
1.0396644
0.97328342
0.84239437
0.42406812
0.91486667
0.7213813
0.97261133
0.75711422
1.7627803
1.1144915
0.90298163
0.81142503
0.50868039
0.96482359
1.2954334
1.3564646
1.4636379
0.57290404
1.1271609
1.2988285
0.67983777
0.13925093
0.44819091
0.89150774
0.61277294
1.031087
1.2999771
0.66392645
1.2048499
1.258471
1.1701549
0.97149561
1.7431773
1.541768
1.2401234
0.54223448
0.61852232
0.80116903
1.8153975
0.96260641
0.29229672
1.3196259
0.9329733
0.55997589
1.467399
1.4031333
0.78357386
1.1426422
0.78321808
0.66818557
1.4011402
1.2102453
1.0470829
1.1433188
0.74682347
1.7690021
0.56124432
1.2310131
1.1667483
1.0208202
0.57651513
1.1236684
0.60377166
-0.092840681
1.7300326
1.7608156
1.618372
1.1393643
-0.046579019
-0.17292378
1.1478012
0.70104885
0.01595807
1.3139002
0.99455947
1.4012798
0.92715619
1.6550734
0.87689573
1.3862569
1.1505007
0.43622817
1.1953165
0.90644436
0.68088378
1.216331
0.88669122
0.61172322
0.54126667
0.93866861
0.68227384
0.62955555
1.0800811
0.32000112
0.84868353
1.3453967
0.5153418
1.1239336
-0.10583432
0.88973118
0.81847957
1.1452462
1.0602975
1.8098862
1.2629676
0.7187535
1.0700447
2.4727594
0.94081818
0.44823395
0.74019268
0.63547424
1.3521214
1.0958971
0.29909464
1.5115028
0.77916533
0.52094057
0.64346167
1.8061592
-1.043174
-1.0875501
-2.122959
-0.47155056
0.12764466
-1.2654003
-2.7629078
-1.4789679
-0.48380308
-1.864292
-1.0473869
-1.1688117
-2.1228182
-1.4198932
-0.90937038
-1.038473
-1.3630285
-0.78499336
-1.0129875
-1.873724
-2.034834
-0.82532789
-0.34050581
-0.20090053
-0.73785551
-0.72553806
-1.439983
-0.98525266
-0.69779202
-0.83985458
-1.4813713
0.44020474
-1.6684817
-0.96182388
-0.47901782
-2.2145958
-1.023417
-1.0071946
-2.4667431
-0.8878007
-0.5262174
-1.465079
-1.2986855
-0.70532517
-0.63242438
-2.2019512
0.21014936
-1.0276401
-1.2195987
-2.1255462
-1.5228991
-1.0753602
-0.56232983
-1.089473
-1.269571
-2.6832259
-0.68860345
-1.018564
-0.60201585
-0.38247668
-1.4489889
-2.1151866
-0.77596631
-0.99558709
-0.80905273
-1.8650912
-0.96429032
-1.0246488
-0.87432283
-0.61975022
-1.0880386
-2.0627701
-1.5115594
-1.5767429
-1.3519758
-1.2141983
-1.9329855
0.50699944
-0.96423795
-1.4653768
-1.4437342
-1.8407784
-0.61956185
-1.6605854
-0.99998094
-0.99620072
-2.0091691
-0.6455778
-0.85396559
-0.77932907
-0.78152036
-0.66667006
-1.7317649
-2.1064708
-1.0719141
-1.3395788
-0.28921247
-1.3154754
-0.25776482
-0.62047637
-0.72805821
-1.3400183
-1.2935889
-1.4185972
-1.4009291
-1.1980182
-0.46079445
-1.8537406
-0.69880279
-0.71954421
-1.2742179
-1.4466461
-0.0055622817
-1.9701362
-1.1641789
-1.1196457
-0.77464866
-0.79072216
-2.0994311
-0.38485507
-1.157961
0.19371044
-1.2800738
-1.5810595
-1.8969356
-2.0285571
-0.97856028
-0.639945
-0.80112744
-1.0654781
-1.414125
-1.4607492
-0.45804567
-1.3668162
-0.22737195
0.1198509
-0.33749768
-0.5858407
-1.1465135
-0.29771414
-1.6363755
-1.2959659
-1.1267916
-1.0591669
-1.2545483
-0.36095398
-0.56396307
-0.83969427
-1.2434214
-0.21414605
-0.99960511
0.12704821
-1.1534383
-2.0103419
-0.99233615
-0.5187174
-1.577118
-0.99393348
-3.1909565
-1.1739621
-1.0872789
-0.9920877
-1.6613591
-0.68762226
-1.7199664
-1.5466109
-1.8796239
-1.2796191
-1.0992416
-0.50600836
-0.21222559
-1.5062441
-1.30402
-1.4101404
-1.3956364
-1.2052927
-0.48478966
-0.64060223
-0.74599579
-1.3506969
-2.030615
-1.1844561
-1.0521004
-0.61120226
-0.60774398
-1.3339446
-1.1232
-1.0008809
-1.8012738
-2.1602126
-0.053309708
-2.0241685
-1.0847831
-1.5060274
-1.4071138
-1.3039787
-0.56640441
-0.47485891
-0.55377443
-0.13763931
