0.36664386
0.96466939
0.047445551
1.8014856
1.1279614
1.3611465
0.83571181
1.5335391
0.84681248
1.5836722
1.5387269
0.97598542
0.32594039
0.89051961
1.1660445
0.64002318
1.1580144
0.56388973
1.4582389
1.3902358
1.0005148
0.30352631
0.57590927
0.62253361
0.61014183
1.3875232
0.52740714
2.101202
0.50347541
1.6964274
0.55749043
1.2332673
0.60234051
1.1814889
0.31486487
1.0341161
1.6504869
1.7685814
0.47490211
0.92475062
0.86358184
1.118639
0.96084976
0.39394353
0.44091255
0.5449484
0.78200614
0.73369927
1.2223397
1.0582772
-0.51527821
1.2264418
1.1234997
1.1114152
1.0446271
0.1711232
1.221985
1.6448671
0.96565801
0.97149702
0.89918291
1.3215271
1.0576873
1.0123078
0.7640032
0.95241288
1.5415831
0.32020358
0.83558934
1.5193326
0.72121554
1.3282241
1.2233431
0.56686077
-0.79668733
1.3282139
0.9005739
1.1071361
0.5130416
1.0378526
0.53240508
0.91828358
0.49813324
1.119372
1.2727854
0.8134811
0.1206949
0.84533038
0.97746633
1.0577218
1.5107203
1.3435696
1.1781789
0.73557728
1.2898816
0.59852384
0.80912016
0.78968108
0.4423766
1.0289775
0.69350899
1.3578769
0.47719133
1.2066418
1.396084
1.0061834
0.53262573
0.90165456
1.592539
0.82303962
1.5469833
1.0984805
0.9532871
-0.077401234
0.76938588
0.36653297
1.1082268
0.4044065
1.1838428
0.59829611
0.55242404
0.63696165
0.48380923
0.83714539
1.0872614
0.84925226
1.1149634
-0.085050872
0.89013171
1.4370963
1.4076981
0.50565803
1.0366356
0.90100389
1.3784924
1.6654878
-0.28060597
1.0973404
0.85084708
1.108651
0.68845681
0.42945973
1.2154583
0.3427874
0.51354694
0.79559041
1.3114448
1.3081233
1.2852095
0.98395227
1.4090159
1.2347147
0.39511037
0.74030797
0.42814463
0.69906575
0.72939135
0.82220549
0.81949264
0.96476614
0.55662972
1.3161584
0.74299946
0.62982574
-0.18468954
0.68180315
1.5844495
1.7158297
0.79737879
0.80743642
1.1357964
0.57348957
1.6876616
1.0549969
1.3548228
1.0041878
0.14559929
0.14270196
0.44035695
1.4295442
1.2234764
1.2361589
1.5501561
1.025775
0.53485879
0.40041078
0.56889827
1.1683015
0.82870601
1.2051647
0.39449376
0.74710079
0.20680472
0.68074708
1.2336845
0.43836033
0.49056297
0.89129391
1.8095954
0.91396286
-0.52970736
-1.0418824
-1.3729144
-0.47734169
-1.2545966
-2.267317
-1.2432132
-1.3892969
-1.0674163
-1.1364459
-1.3617643
-0.65063644
-0.89198642
-1.0294668
-2.5938505
-1.4070748
-0.81779681
-0.48618216
0.10145681
-1.2300678
-1.1547754
-0.86678246
-1.3770319
-1.2479518
-1.2354948
-0.51441816
-1.4588104
-2.4907012
-1.7903568
-2.3978893
-1.000915
-1.9147788
-2.2345489
-0.57998948
-2.8329556
-1.0486447
0.19173497
-0.017967075
0.26665819
0.09503019
-2.3437377
-1.6228391
-3.2782135
-1.6286521
-1.0850818
-1.2111362
-1.6591379
-1.3258001
-0.98300599
-1.5096915
-1.1466898
-0.14372625
-1.2090346
-1.1586951
-2.0986171
-1.5547961
0.062967818
-0.6309573
-2.006395
-2.0220012
-1.3297891
-1.2563456
-0.81417608
-1.5097949
-1.0797978
-2.000928
-0.61110557
-1.7647092
-0.31392694
-0.60276655
-1.4265937
-0.47667702
-1.3692982
-1.2954586
-0.21437325
-0.93002106
-1.8480589
-1.2993011
-1.1217426
-1.173036
-1.0101723
-0.030738678
-0.23683579
-1.5148715
-1.2925404
0.48638627
-1.2742483
-1.1264985
-2.0290373
-0.6432532
-0.87856532
0.23421943
-0.6404617
-1.4786174
-1.5544208
-1.1585706
-1.225097
-1.0980153
-1.799723
-0.51422617
-1.7806796
-0.45593745
-1.4267539
-0.21830496
-0.26356065
-2.3128078
-1.3068574
-0.88919585
-0.013397941
-0.1204607
-0.24054431
-1.0932966
-0.48145519
-1.2825586
-1.4180877
-0.4124891
-1.1262437
-1.2246867
-1.060871
-2.0280061
-1.4432548
-1.1429114
-2.3815779
-0.74136038
-1.0354719
-1.1504572
-0.88693368
-0.93793883
-1.5062607
-1.2244475
-0.56980703
-1.3331526
0.36730665
-0.86079029
-0.15306427
-1.9476838
-2.2325833
-1.4607337
-1.7368713
-0.67282849
-0.54745786
-0.1320406
-1.8775707
-0.76335321
-0.99552926
-1.5401261
-1.7913619
-0.61187257
-0.94820897
-1.4940486
-1.1504658
-0.70717393
-0.6495758
-1.8102064
-1.1010075
-1.2567039
-0.82784878
-0.86934925
-0.47066583
-1.2014765
-1.1103057
-0.58459751
-0.66552073
-1.2886441
-0.70583821
-1.4317089
-1.777233
-1.4115931
-1.7870671
-1.3196354
-2.6637952
-0.67388833
-1.0852508
0.42181561
-1.3267205
-1.9672378
-2.0092955
-1.1594185
0.23054035
-1.604575
-0.79424445
-1.9061222
-1.5795198
-1.1990856
-1.0091994
-1.0488255
-0.14292847
-0.96640945
-0.80651095
-1.0914452
-1.7258191
-1.7684025
-1.5652339
-1.9579273
-0.93341879
-0.90203339
-1.451014
-0.81220289
-1.3726884
-1.3816789
