0.36427067
0.37902627
0.37192246
0.36286206
0.35993193
0.36995082
0.3826097
0.36806703
0.36890702
0.36901475
0.36357896
0.36476791
0.36648122
0.3662651
0.36333595
0.36076786
0.37377763
0.36255033
0.36679926
0.35984807
0.36408218
0.35948213
0.3637365
0.36864174
0.36536018
0.36510262
0.36159225
0.35948213
0.36307932
0.36309177
0.38069276
0.36303988
0.36204918
0.36420152
0.36098875
0.36161898
0.36119003
0.36939475
0.36011808
0.36834503
0.36061465
0.36866426
0.36496762
0.36037659
0.53919454
0.36188743
0.36078315
0.36849488
0.36494389
0.3638862
0.36904651
0.36364797
0.36239301
0.36588207
0.36032007
0.36988926
0.36361688
0.37524261
0.36339727
0.54931289
0.70287148
0.36569122
0.36484522
0.36374133
0.36824637
0.45039672
0.37295838
0.36779159
0.36473367
0.36178841
0.36963301
0.3639656
0.36475499
0.36449679
0.36459785
0.36289675
0.36262562
0.4831664
0.36213748
0.36261013
0.36727601
0.36323715
0.36493455
0.3659232
0.36475155
0.3680107
0.36060374
0.36490685
0.3627169
0.36787286
0.36281748
0.54787109
0.36981039
0.36416881
0.36352975
0.36601454
0.36774077
0.36250934
0.37233524
0.36202777
0.36445025
0.36112136
0.36404614
0.37611016
0.36270542
0.36262431
0.36928684
0.36289428
0.36218509
0.36375382
0.36921291
0.35779096
0.36295565
0.36730806
0.36537058
0.36089003
0.36527146
0.37287818
0.36994485
0.36357554
0.3672047
0.36300659
0.36634983
0.36466707
0.36572762
0.40451034
0.38217381
0.36859538
0.36081117
0.36470773
0.36459892
0.36626
0.36499562
0.36191669
0.36799372
0.37348765
0.36205213
0.36566769
0.75496202
0.36298983
0.36216926
0.36247757
0.36323604
0.36184422
0.36291992
0.36529403
0.42048331
0.38481483
0.36230355
0.37082071
0.37202397
0.39270246
0.36733569
0.36331908
0.37084536
0.36134994
0.36766218
0.36019878
0.36444257
0.36510064
0.3694091
0.36393169
0.3653121
0.34818682
0.3639272
0.36807687
0.36746089
0.36398336
0.36210826
0.36196443
0.39041286
0.36333808
0.46691074
0.36722316
0.40053032
0.36440558
0.3620093
0.36225416
0.36147947
0.40747512
0.36651111
0.37367924
0.43238823
0.36715665
0.37040368
0.36889895
0.36707645
0.54772066
0.36358763
0.36639454
0.36062848
0.36171821
0.36053447
0.37474172
0.37846715
0.36358846
0.37587115
0.36445559
0.36419576
0.36301494
0.36452009
0.76261983
0.36833332
0.36540686
0.36835192
0.3636028
0.36505692
0.3657932
0.35867584
0.36684986
0.36174352
0.363514
0.36389966
0.36184245
0.36705833
0.36264221
0.36050465
0.35908842
0.36843557
0.36836129
0.36247651
0.36625656
0.36394587
0.3636334
0.36250172
0.36515626
0.36968666
0.36550428
0.36413468
0.38470957
0.3603728
0.37282802
0.36157808
0.36336561
0.36441671
0.36387763
0.36364984
0.36325444
0.36377567
0.36175098
0.36146667
0.36652708
0.36238344
0.36324359
0.36469934
-0.32707368
0.37098991
0.36537881
0.36887054
0.36526991
0.36867095
0.36472667
0.36497261
0.41905923
0.36739024
0.36335929
0.36609352
0.36090929
0.35985575
0.36647882
0.36216828
0.3633543
0.36419777
0.36231094
0.36200628
0.36422015
0.36429199
0.36446348
0.3620825
0.36379868
0.3611781
0.3609691
0.365238
0.36299875
0.36101554
0.36731355
0.36565434
0.38007075
0.38126975
0.36872237
0.3706549
0.36415084
0.36124709
0.36263868
0.36517608
0.43840309
0.36930199
0.37400783
0.36278806
0.36271501
0.36416485
0.36372277
0.36194723
0.36333066
0.36435005
0.36894855
0.36253874
0.37742647
0.36224989
0.36354631
0.35812206
0.35249421
0.35203236
0.35322628
0.33875898
0.35202929
0.35647205
0.35828666
0.3560663
0.3549824
0.3062646
0.35411954
0.35944092
0.35792248
0.35543315
0.35078309
0.34417452
0.35294967
0.35535875
0.3581163
0.35848972
0.34234133
0.34072393
0.35438134
0.35910593
0.35833239
0.35736801
0.35850266
0.35908305
0.35617033
0.35671045
0.35903118
0.35781745
0.34867597
0.35841039
0.3565266
0.35877664
0.03730154
0.35320108
0.35785553
0.35471021
0.35829429
0.36032007
0.36091694
0.36937903
0.34858519
0.35634021
0.35559824
0.358943
0.34793066
0.32039625
0.34848449
-0.21574097
0.1945464
0.18818726
0.099395508
0.2799314
-0.093784454
0.2310058
-0.44205318
0.1866858
-0.39658957
-0.1074878
0.27801576
-0.33094996
0.241063
-0.16260937
0.083677591
-0.66422875
0.21834096
0.1457513
-0.41984235
0.084018242
-0.98968183
-0.14058939
-0.26096471
-0.16760549
0.24284633
-0.2231318
-0.54701349
0.19178435
-0.76525288
-0.6317319
0.29044941
0.21448872
0.042473777
0.16118241
0.24979457
-0.41303625
0.27177161
0.24801082
-0.093676468
0.17725922
0.12045904
0.2744841
0.21054346
0.18848055
-0.1893455
-0.42828406
-0.071437786
0.050605284
-0.26907622
0.17042991
0.13340752
-0.46559938
0.28377428
0.029061949
-0.0062708397
-0.55770186
-0.8338218
-0.24363699
0.32084671
-0.24619654
-0.6351188
-0.22733585
0.26452315
0.05776331
0.09406678
-0.33562646
0.26907792
0.30833878
0.21732731
0.35800116
0.26127639
0.033329763
-0.13584754
-0.37179382
0.31982106
-0.86639531
-0.43971125
-0.37233277
0.25603195
0.30638207
0.27887303
0.24010137
0.35006106
0.2775584
-0.44857046
0.30302167
0.23615226
0.19554739
-0.18893808
0.34910979
-0.09113374
0.22356305
0.29159419
0.35901713
-0.21592975
0.33685701
-0.48041653
0.36134495
-0.030911436
0.20696246
0.36183126
0.22536849
0.2716776
-0.16014693
0.35746782
-0.0032726888
-0.57397809
0.3021795
0.032213864
0.23689193
0.16418856
0.031986119
0.35818597
0.22975929
0.27424627
-0.49763233
0.35881326
0.3238245
-0.40606487
0.41823369
0.2922861
0.31304664
0.35719402
0.35626438
0.34335665
0.2823651
0.37296056
0.27652529
0.30703865
0.066307731
0.25932896
0.35478158
0.096898001
0.29584553
0.36056927
0.028221688
0.3576063
0.3537444
0.34399282
0.36693792
0.3561509
0.35564746
0.14594399
0.34954532
0.35562557
0.3476245
0.35126784
-0.057344209
0.35313506
0.11056283
0.35070356
0.18153325
0.35817668
0.35215123
0.34937307
0.35172097
0.35693071
0.34879634
0.35015542
-0.022671609
0.34265828
0.34560228
0.28900411
0.35760835
0.32987681
0.35736887
0.34712966
-0.032144277
0.35313697
-0.47866099
0.33786407
0.3569117
0.3608865
0.34226964
0.3379965
0.35577956
0.35720037
0.35502281
0.34965701
0.35634513
0.3579452
0.35518156
0.35910982
0.35749358
0.35277805
0.35791231
0.35315736
0.3567782
-0.9433721
0.35777275
0.20959697
0.34808615
0.3469281
0.33241913
-0.50926449
0.3585617
0.3569826
-0.071948822
0.35837243
0.36034767
0.35880245
0.35511666
0.35528447
0.34530861
0.35709878
0.35918941
0.35850691
0.3548801
0.35283599
0.35807457
0.36094678
0.34910651
0.34986553
0.35470093
0.35459123
0.32547688
0.35622522
0.3581495
0.34945543
0.35558819
0.35152708
0.35008622
0.35000497
0.3541717
0.35657968
0.35359925
0.35145146
0.35723175
0.35510582
0.35150248
0.35156199
0.33735935
0.35748725
0.34527728
0.35515261
0.34990352
0.35313044
0.34562816
0.3529195
0.33826538
0.35325602
0.35639102
0.34864771
0.3454465
0.35486683
0.35481515
0.35903887
