0.1728959
0.1732831
0.17298006
0.17288852
0.17288198
0.17295198
0.17372769
0.17293293
0.17292697
0.17292631
0.17288429
0.17288607
0.17288713
0.172889
0.17288449
0.17288317
0.17293652
0.17289774
0.17288964
0.17243263
0.17288876
0.17287262
0.17288437
0.17289027
0.17293433
0.1728854
0.17288282
0.17287262
0.17288341
0.17288344
0.17372202
0.17288379
0.17288385
0.17288785
0.17288297
0.17288256
0.17288185
0.17290092
0.17288066
0.17288906
0.17288138
0.17291668
0.17288547
0.1728814
0.19111173
0.17288264
0.17288151
0.1731468
0.17288535
0.17288391
0.1728962
0.17288526
0.17288175
0.17288721
0.17288119
0.17296829
0.17288408
0.17291302
0.17288425
0.21698895
0.31496195
0.17288709
0.17290805
0.17288961
0.17290681
0.18232031
0.17325241
0.17302628
0.17288484
0.17288229
0.1729671
0.17291289
0.17288927
0.17288509
0.17288523
0.17288367
0.17288278
0.19594439
0.17288239
0.17288214
0.1728895
0.17288391
0.17288591
0.1729063
0.17293319
0.17289089
0.1728815
0.17289292
0.17288353
0.17289159
0.17288348
0.22031211
0.17289663
0.17288887
0.17288589
0.17293921
0.17291181
0.17289144
0.17292411
0.17288154
0.17288557
0.17288211
0.17289023
0.17319104
0.17288313
0.17288323
0.17291796
0.17288333
0.17288358
0.17291468
0.17289131
0.17287931
0.17288956
0.17294505
0.17289322
0.17288156
0.17288567
0.17308227
0.17289196
0.17288628
0.17289039
0.17288649
0.1728875
0.17289367
0.17290776
0.17772082
0.17344767
0.17290749
0.17288119
0.17292398
0.17288311
0.17292478
0.17288533
0.17287947
0.17291255
0.17336971
0.17288254
0.17288958
0.25480127
0.17288327
0.17288588
0.17288521
0.17288373
0.17288117
0.17288344
0.17288551
0.17435026
0.17315907
0.17288284
0.17289342
0.1730981
0.17608939
0.17289175
0.1728856
0.17310496
0.17288181
0.17289157
0.172874
0.17288801
0.17289426
0.17296183
0.17288398
0.17288595
0.17193779
0.17288411
0.17291635
0.1729066
0.1729016
0.17288247
0.17288278
0.17561217
0.17288338
0.17988694
0.1729117
0.17707925
0.17288521
0.17288258
0.17288448
0.17288295
0.17753937
0.17288932
0.17300958
0.18629796
0.17289166
0.17299947
0.17307012
0.17304697
0.22222149
0.17288747
0.17289866
0.17284929
0.17288288
0.17288115
0.17289884
0.17315409
0.17288536
0.17326756
0.17288581
0.17288626
0.17288398
0.17289167
0.25511391
0.1728905
0.17288803
0.17295558
0.17288571
0.1728852
0.17288697
0.17284009
0.17289256
0.1728826
0.17288733
0.17288562
0.17288268
0.17293068
0.17288206
0.17287071
0.17287615
0.1728936
0.17305999
0.172883
0.17290421
0.17288553
0.1728848
0.17288419
0.17288639
0.17289953
0.17288578
0.1728848
0.17337898
0.1728858
0.17290917
0.17288212
0.17288642
0.17288456
0.17290115
0.17288792
0.17288761
0.1728879
0.17288325
0.17286999
0.17288988
0.17288475
0.17288495
0.17289551
0.020666208
0.17289707
0.17291051
0.17289054
0.17295643
0.17302944
0.17288761
0.17288574
0.17733962
0.17291188
0.17287105
0.1729514
0.1728652
0.1728499
0.17288866
0.17288246
0.17288626
0.17288726
0.17288751
0.17288286
0.17288349
0.17288584
0.17288898
0.17288313
0.17288589
0.17288134
0.17288187
0.17289856
0.17288433
0.17288219
0.17294634
0.17288818
0.17400765
0.17410468
0.17290033
0.17320825
0.17288465
0.17287173
0.1728876
0.1728861
0.18342647
0.17296917
0.17313544
0.17288298
0.1728894
0.17288556
0.17289267
0.17288756
0.17288626
0.17288549
0.1729162
0.17288962
0.17304252
0.17288261
0.17288931
0.17287551
0.17286268
0.17286355
0.17284224
0.17240387
0.17285115
0.1728765
0.17287946
0.17287347
0.1728561
0.16873683
0.17281706
0.17288034
0.17287776
0.17287457
0.1728497
0.17275411
0.17286487
0.17287586
0.17287769
0.17287559
0.17277848
0.17277702
0.17287215
0.17287975
0.17288336
0.17287675
0.1728788
0.17287578
0.17287517
0.17287486
0.17287985
0.17288394
0.17282388
0.17287971
0.17287514
0.17289093
-0.025000255
0.17284006
0.17287774
0.17287133
0.17287451
0.17288119
0.17287951
0.17330582
0.17276757
0.17288026
0.17287162
0.17287994
0.17285724
0.17242458
0.17285217
0.12604658
0.16866847
0.16838274
0.1628508
0.17221527
0.14182866
0.17083033
0.044975578
0.16773593
0.060030453
0.13301764
0.17211073
0.055194806
0.17117203
0.12295935
0.16045108
-0.13482093
0.17012581
0.16628375
0.091139268
0.15789861
-0.38169222
0.13865199
0.088768377
0.092415815
0.17100341
0.070690501
-0.038202819
0.16965767
-0.0043912227
-0.054231152
0.17219189
0.17033815
0.15699392
0.16668376
0.17129735
0.020626813
0.17178469
0.17120045
0.1379784
0.16791822
0.16380188
0.17214609
0.16905628
0.16758119
0.11890458
-0.042455863
0.14279592
0.15291137
0.095400537
0.16818844
0.16705261
0.082961621
0.17210071
0.15647592
0.14024482
-0.084681602
-0.027524189
0.11238261
0.17270033
0.11362454
-0.0042993116
0.079129726
0.17153299
0.15650368
0.16280312
0.058168396
0.17144466
0.17260063
0.16954002
0.17287827
0.17154308
0.15349067
0.13525202
0.013236102
0.17252298
-0.1179165
-0.0075750609
0.095985651
0.17189954
0.17252685
0.17210458
0.17046367
0.17286038
0.17188931
-0.014283824
0.17250129
0.1713901
0.16942922
0.11204679
0.17253863
0.14123629
0.1471908
0.17238735
0.17287844
0.095306556
0.17277601
0.034997852
0.17287666
0.13841669
0.16380595
0.17289195
0.17018716
0.17197188
0.14078318
0.17287682
0.14642846
0.0013670758
0.17242439
0.15755658
0.16983617
0.16633217
0.15634407
0.17287385
0.1702651
0.17194261
0.093437181
0.17287854
0.17255754
0.05101686
0.17893353
0.17180564
0.17251765
0.17288473
0.17287738
0.17284042
0.17213131
0.17313276
0.17181426
0.16422337
0.15530494
0.1710896
0.1728735
0.15948563
0.16333836
0.17288096
-0.057821812
0.1728778
0.17286821
0.17285252
0.17299812
0.17287269
0.172872
0.077887598
0.17284716
0.17287375
0.17283702
0.172866
-0.15757103
0.17286418
0.050077187
0.17286553
0.10494456
0.17286466
0.17280712
0.17281141
0.17285898
0.17287794
0.1728131
0.1726921
0.077226359
0.17281663
0.17274203
0.16897166
0.17287877
0.1710529
0.17287847
0.17286074
0.050070065
0.1728732
-0.16933609
0.17274393
0.17287578
0.17288156
0.1727206
0.17254969
0.172877
0.17287801
0.17284957
0.17286589
0.17287766
0.17287888
0.17287411
0.17287924
0.17287844
0.17285558
0.17287904
0.17287153
0.17287719
-0.72349839
0.1728772
0.13977519
0.17286239
0.17285564
0.17276266
-0.5494614
0.17287989
0.17287811
-0.022142878
0.1728796
0.17288263
0.1728776
0.17287315
0.17287623
0.17282345
0.17287722
0.17287795
0.17287678
0.17286227
0.17286842
0.17284572
0.17288157
0.17275427
0.17282527
0.17286825
0.17287327
0.17109791
0.17287416
0.17287854
0.17255609
0.17286222
0.17286957
0.17283618
0.17285663
0.17286746
0.17287557
0.17286482
0.17285007
0.17287813
0.17287481
0.17286237
0.17285063
0.1727029
0.17287878
0.17279494
0.17287181
0.1728431
0.17285956
0.1728162
0.17286975
0.17246669
0.1728517
0.17287584
0.17285257
0.17280777
0.17287263
0.17284837
0.17287652
