1.2498868
1.0127624
1.3256633
0.92467157
0.41848628
2.0420961
0.19936739
0.98042497
0.93118128
1.10676
0.50774377
1.1052932
0.70415537
1.2615787
0.89755549
0.95671546
0.58114918
0.3605417
1.1026463
1.298648
0.60708595
0.89899757
1.3385802
1.5612804
0.80788912
0.15763125
1.274402
0.74884245
0.66970222
1.0549198
0.97445847
1.4407752
0.40950157
0.56199986
1.2779655
1.7520066
1.5620356
0.93802242
-0.062688213
1.6108734
1.503041
0.71851387
1.1363433
0.56701009
0.91254151
1.5596005
0.60178338
0.98780453
1.1865865
0.47881646
0.66474986
1.3526176
1.0645438
0.9770935
0.384612
0.5391522
0.62855334
0.88256924
1.4234929
0.79262374
1.1497177
0.73346762
0.6804869
1.3756495
0.99708093
0.8600084
1.5018644
0.88692446
1.4804211
1.2191815
1.0796253
0.95555892
1.5558631
0.27418146
1.3901838
1.2384399
0.66136399
0.57756985
1.2824266
0.50876318
0.99364573
1.0429539
0.82453429
0.9811818
1.2507326
0.91154614
0.52486865
1.1285895
1.7535402
0.86681487
1.7134246
0.79424511
1.6464094
1.2830445
1.1304155
1.551314
1.250824
1.0550461
1.6791192
1.1321187
1.0414296
1.0042184
1.2008901
0.96339182
-1.4435979
0.7396902
1.0346226
0.28278688
0.87422143
0.37983859
1.2830503
0.8281007
0.55576247
0.63723704
0.33099545
1.0484383
0.68756145
0.76095199
1.1141925
0.98674735
1.6736464
1.6461577
1.8063018
0.63198036
0.70518454
1.1154186
0.73207785
0.78818451
0.82569814
1.0692437
0.68026918
1.0407066
1.1005542
1.3866808
0.56979785
1.1438562
1.1221891
0.67256454
1.0266041
0.75465915
0.79087533
1.138314
1.1376523
1.1836008
1.4314715
1.3274183
1.553655
0.52128976
0.86088984
0.61750244
1.1892424
1.1892862
0.74232221
1.8617464
0.26327378
1.5183405
0.89631884
-0.20505928
0.4448138
0.4812129
0.11145509
1.1105174
0.98338467
1.2392016
0.96824789
1.2778681
0.92825079
1.3672692
1.1265584
1.0515525
0.62855334
0.85737626
0.96245506
2.0947641
0.73196435
0.86383442
0.50435329
0.80716275
1.401049
0.55786812
0.9089882
1.0173061
1.6524351
0.75554391
1.8311828
0.80385889
1.1022944
1.3602725
1.2843144
1.0028486
0.93863812
1.4522977
-0.25305637
0.93425401
1.2846021
1.5167535
0.39543494
0.48689123
0.95377668
0.82980178
-1.5417435
-1.3039939
-2.1364023
-2.2646696
-0.89567565
-0.52223419
-0.90088524
-1.070329
-0.92738139
-1.9648305
-0.12228788
-0.58684889
-2.3362998
-1.4355583
-1.4040006
-1.7043315
0.26960053
-1.8496144
-1.3037118
-1.4039609
-1.9440513
-2.1527207
-0.72603665
-1.2006164
-0.54016666
-0.75007931
-1.680397
-1.3590834
-1.2944688
-0.82506852
-1.9877126
-2.0851957
-0.58121855
-0.58282465
-1.1961711
-1.2262119
-1.100753
-0.38708175
-1.3161297
-1.7767911
-1.1764245
-1.4367738
-2.0153959
-1.0146006
-0.52129023
-2.2551925
-0.60717867
-0.44300043
-1.290835
-1.1664349
-0.76280371
-0.1449914
-0.82919507
-1.1637327
0.13731481
-0.25019635
-0.76243291
-0.83768968
-1.3815626
-1.0299683
-1.0531006
-1.4646595
-0.92244177
-1.6889092
-1.4317664
-1.0161643
-0.0047136387
-0.87723339
-2.0310191
-0.85271455
-1.3760337
-0.85388867
0.6669678
-2.4796892
-1.4180085
-1.2036303
-2.1099074
-1.1755832
-1.3162289
-1.9720482
-1.8077051
-0.67687961
-1.4060351
-1.5912198
-1.3002938
-0.9912621
-0.52475454
-1.2018866
0.33577848
-1.1654657
-1.2427278
-1.9126617
-0.53022243
0.61990555
-0.83245512
-0.025557009
-1.0305637
-0.84062922
-1.0006108
-1.3797175
-1.5212306
-0.60620518
-0.9953645
-0.99940802
0.037648534
-1.7676461
-1.3470637
-1.368704
-0.98311966
-1.1373703
-0.69230967
-0.54301256
-0.58503578
-0.77189872
-1.7774719
-0.11671408
-1.2263839
-0.95703311
-0.37189264
-1.5717874
-1.5623079
-1.9302133
-0.19129951
-0.88270269
-1.6662555
-0.91900001
-1.020619
-0.75227623
-1.1516505
-1.7344153
-1.4023118
-1.1979862
-1.147483
-1.2617553
-1.1806896
-0.7378039
-0.043986287
-0.70283082
-1.4259197
-0.99081673
-0.56188287
-1.2035834
-0.84249376
-0.65059219
-1.3224075
-0.86322536
-2.276965
0.13454354
-0.76127372
-1.1764148
0.02484502
-0.46299233
-1.8419775
-1.6722645
-1.6747792
-1.0473359
-0.13881054
-0.92618286
-0.36532725
-0.59596547
0.40803012
-1.5500076
-1.1860428
-1.5976493
-1.4269597
-0.77001591
-1.2548465
-0.88631521
-1.0810259
-0.63742242
-1.80466
-1.2022023
-0.32393707
-0.35098609
-0.36505844
-1.0144944
-0.59313533
-0.62966717
-1.322801
-1.7581939
-1.2487645
-1.2857097
-0.54112604
-1.3526859
-1.1971186
-2.1355192
-1.2259587
-0.50139827
-1.2166506
-0.7666592
-1.939599
-0.68749481
-1.1299296
-1.755761
-0.78703477
-1.5363912
-1.2653024
-1.3850855
-0.19750688
-1.4567123
