1.4701417
1.0540701
1.0695816
0.46817384
1.1504017
1.113247
1.0320327
0.91047879
1.2646886
1.2049499
0.85772432
0.92178705
0.98712705
1.013887
0.92514381
1.0233677
1.1575634
1.0784242
0.75447571
1.4613934
0.75571022
1.4619888
0.62115907
0.58060487
0.94114576
0.76560321
0.97361841
0.98234356
0.83637065
1.8286155
1.2537841
0.88494486
0.39733714
1.0645246
0.46690134
0.81473288
0.38894937
0.97059523
1.5497741
0.21087634
1.5702102
0.79059175
1.164716
0.91550426
0.78245356
1.1271271
1.306058
1.0652747
0.84353323
1.1885737
0.67316846
1.2632513
1.0111591
1.1287642
0.83197214
0.48561292
1.289146
0.72914786
1.0802109
1.4313016
1.3598508
1.2238688
0.92573733
0.98811974
0.72985046
1.4517391
1.4463234
0.85223344
1.6799677
1.6905841
0.57194003
1.6695082
1.2822714
0.42206313
0.4628193
0.85100946
0.98712705
0.50036748
-0.14167221
0.64282051
0.87668973
0.30165919
1.381552
0.23344683
0.91816599
1.0434368
1.4552461
1.2742844
0.84710944
0.87149275
0.88234182
1.2054589
0.90227547
0.90053599
1.8022124
0.6341779
0.47987109
0.69966194
0.9343951
1.3770623
1.1430544
0.8104469
0.58938444
1.0464129
1.011984
1.161824
1.1676691
0.79230857
0.94685268
1.6439566
0.99601247
0.69432442
0.99064304
0.67970224
1.1110408
2.0010243
0.68219625
1.1677388
0.71415524
0.99618159
1.1974362
0.88541718
0.50850408
1.9904596
1.2426075
0.71716827
0.62645163
0.6096774
1.0323414
1.2238943
-0.0024082151
1.2080414
0.8162625
1.5814814
1.0648394
1.090838
0.54981275
1.7125347
0.41159664
1.235995
0.96452252
0.43122649
1.6537809
0.89028248
0.68436543
1.6652941
1.0769496
1.5415987
1.2930232
0.55208868
0.95736049
1.3611153
1.2331199
0.64132476
0.69361881
1.0853279
0.550271
0.91735207
0.58897151
0.7511368
1.6914171
0.6276287
1.1406415
1.5983144
0.64097631
1.3345168
0.85223344
1.3780209
0.99488708
0.8307006
0.8307006
0.33340373
1.202575
0.71623198
0.044392868
0.65206067
0.89472091
0.84449822
0.065178671
-0.11898299
0.24942725
1.0312658
1.3096303
0.59616857
1.4161176
0.69598148
1.520691
1.2466997
0.88542383
1.299092
0.57500661
0.93990853
0.6929229
1.2075825
0.78753566
-0.06519796
1.1367293
1.0796019
1.0986897
1.1862581
-0.9889609
-0.78778239
-0.94987963
-0.87777156
-2.0576008
-1.12835
-0.016249337
-1.4181191
-0.71239499
-0.90067025
-1.1019693
-0.79194502
-0.98116783
-1.2573692
-0.21774518
-1.4653414
-0.2950814
-1.0542842
-1.2727587
-0.54430598
-1.5185455
-2.4360917
-1.179306
-0.68417919
-1.388803
-1.6940699
-0.57278318
-0.75858029
-0.50742128
-1.5792613
-0.34739122
-0.68222843
-0.7960161
-0.24163637
-0.99966911
-0.73595447
-0.16566912
-1.0223882
-1.3270337
-2.0851511
-1.541029
-2.1249514
-0.82089495
-0.75740926
-0.31916621
-2.3529837
-0.77803366
-0.86123559
-0.53089241
-1.2976409
-1.0061606
-1.3342034
0.28676779
-0.38117042
-1.7664783
-2.0760414
-0.2361177
-0.98471068
-0.97822946
-1.5290946
-0.61869138
-0.97997059
-0.66988955
-1.0325063
-2.3112065
-0.79329142
-1.1229775
-2.4938054
-1.4625054
-1.70221
-0.82314975
-1.0049172
-0.39433972
-1.1571972
-2.0774189
-0.55347325
-1.7943645
-1.2347478
-1.1602638
-1.4340561
-1.3020158
-1.995054
-0.57409
-0.86617986
-1.3405499
-1.906842
-2.2120894
-1.4584371
-0.05759796
-1.1745263
-1.6508312
-0.50715939
-1.5611154
-1.8437049
0.039775053
-0.598301
-1.6463069
-1.211393
-1.5765576
-0.63824339
-0.76852173
-1.5779148
-1.2762627
-1.7807552
-0.10991628
-2.6209574
-0.71959765
-0.9511708
0.091108572
-0.87797538
-1.1752038
-1.1470039
-0.36571722
-1.1578355
-1.1845465
-0.71828357
-1.8275542
-0.22026605
-0.47782131
-0.77540245
-0.4878715
-0.91493437
-0.9374134
-1.5012632
-0.11744891
-1.4804893
-0.46760589
-1.5641189
0.28967751
-1.6324778
-1.6987939
-1.2689697
-0.98483226
0.4980395
-1.6485978
-1.7689601
-0.46119337
-1.4519396
-0.85607445
-0.26933546
-1.1234018
-0.97162471
-0.5935459
-1.2782628
-1.089909
-0.82520429
-0.83885479
-0.021122734
-0.80701995
-1.3040746
-0.54602891
-1.067089
-0.85974165
-1.0996295
-1.7238493
-2.3391599
-0.90718604
-0.27595325
-2.2252699
-2.2845744
-1.3363147
-1.1459791
-0.55463615
-1.237475
-1.2662734
-1.6955301
-0.16255537
-0.84148579
-1.7006274
-1.5427631
-2.0321416
-1.0371896
-1.1891975
-1.7944987
-0.65233788
-1.6186899
-2.3011961
-1.1995738
-0.93180588
-0.81267072
-0.92506401
-1.0028135
-0.35615812
-0.78581062
-1.7025717
-1.1828594
-1.3031942
-0.22645304
-1.0449396
-1.0652674
-1.6551197
-0.98226819
-1.5795467
-0.69362537
-1.8034636
-1.519466
-0.80367544
-1.1377434
-0.6645123
-1.0532492
