0.097756202
0.097756202
0.097756202
0.097756202
0.097756202
0.097756202
0.097756202
0.097756202
0.097756202
0.097756202
0.097756202
0.097756202
0.097756202
0.097756202
0.097756202
0.097756202
0.097756202
0.097756202
0.097756202
0.097756202
0.097756202
0.097756202
0.097756202
0.097756202
0.097756202
0.097756202
0.097756202
0.097756202
0.097756202
0.097756202
0.097756202
0.097756202
0.097756202
0.097756202
0.097756202
0.097756202
0.097756202
0.097756202
0.097756202
0.097756202
0.097756202
0.097756202
0.097756202
0.097756202
0.097756212
0.097756202
0.097756202
0.097756202
0.097756202
0.097756202
0.097756202
0.097756202
0.097756202
0.097756202
0.097756202
0.097756202
0.097756202
0.097756202
0.097756202
0.097761656
0.098737121
0.097756202
0.097756202
0.097756202
0.097756202
0.097756203
0.097756202
0.097756202
0.097756202
0.097756202
0.097756202
0.097756202
0.097756202
0.097756202
0.097756202
0.097756202
0.097756202
0.097756394
0.097756202
0.097756202
0.097756202
0.097756202
0.097756202
0.097756202
0.097756202
0.097756202
0.097756202
0.097756202
0.097756202
0.097756202
0.097756202
0.097757918
0.097756202
0.097756202
0.097756202
0.097756202
0.097756202
0.097756202
0.097756202
0.097756202
0.097756202
0.097756202
0.097756202
0.097756202
0.097756202
0.097756202
0.097756202
0.097756202
0.097756202
0.097756202
0.097756202
0.097756202
0.097756202
0.097756202
0.097756202
0.097756202
0.097756202
0.097756202
0.097756202
0.097756202
0.097756202
0.097756202
0.097756202
0.097756202
0.097756202
0.097756203
0.097756202
0.097756202
0.097756202
0.097756202
0.097756202
0.097756202
0.097756202
0.097756202
0.097756202
0.097756202
0.097756202
0.097756202
0.09775633
0.097756202
0.097756202
0.097756202
0.097756202
0.097756202
0.097756202
0.097756202
0.097756202
0.097756202
0.097756202
0.097756202
0.097756202
0.097756202
0.097756202
0.097756202
0.097756202
0.097756202
0.097756202
0.097756202
0.097756202
0.097756202
0.097756202
0.097756202
0.097756202
0.097756202
0.097756202
0.097756202
0.097756202
0.097756202
0.097756202
0.097756202
0.097756202
0.097756202
0.097756202
0.097756202
0.097756202
0.097756202
0.097756202
0.097756202
0.097756202
0.097756202
0.097756202
0.097756202
0.097756254
0.097756202
0.097756202
0.097756202
0.097756202
0.097760557
0.097756202
0.097756202
0.097756202
0.097756202
0.097756202
0.097756202
0.097756202
0.097756202
0.097756202
0.097756202
0.097756202
0.097756202
0.097756202
0.097756454
0.097756202
0.097756202
0.097756202
0.097756202
0.097756202
0.097756202
0.097756202
0.097756202
0.097756202
0.097756202
0.097756202
0.097756202
0.097756202
0.097756202
0.097756202
0.097756202
0.097756202
0.097756202
0.097756202
0.097756202
0.097756202
0.097756202
0.097756202
0.097756202
0.097756202
0.097756202
0.097756202
0.097756202
0.097756202
0.097756202
0.097756202
0.097756202
0.097756202
0.097756202
0.097756202
0.097756202
0.097756202
0.097756202
0.097756202
0.097756202
0.097756202
0.097756202
0.097756202
0.097752834
0.097756202
0.097756202
0.097756202
0.097756202
0.097756202
0.097756202
0.097756202
0.097756202
0.097756202
0.097756202
0.097756202
0.097756202
0.097756202
0.097756202
0.097756202
0.097756202
0.097756202
0.097756202
0.097756202
0.097756202
0.097756202
0.097756202
0.097756202
0.097756202
0.097756202
0.097756202
0.097756202
0.097756202
0.097756202
0.097756202
0.097756202
0.097756202
0.097756202
0.097756202
0.097756202
0.097756202
0.097756202
0.097756202
0.097756202
0.097756209
0.097756202
0.097756202
0.097756202
0.097756202
0.097756202
0.097756202
0.097756202
0.097756202
0.097756202
0.097756202
0.097756202
0.097756202
0.097756202
0.097756202
0.097756202
0.097756202
0.097756202
0.097756202
0.097756202
0.097756202
0.097756202
0.097756202
0.097756202
0.097756202
0.097756202
0.097756202
0.097756202
0.097756202
0.097756202
0.097756202
0.097756202
0.097756202
0.097756202
0.097756202
0.097756202
0.097756202
0.097756202
0.097756202
0.097756202
0.097756202
0.097756202
0.097756202
0.097756202
0.097756202
0.097756202
0.097756202
0.097756202
0.097756202
0.097756202
0.097756202
0.097756202
0.089924354
0.097756202
0.097756202
0.097756202
0.097756202
0.097756202
0.097756202
0.097756202
0.097756202
0.097756202
0.097756202
0.097756202
0.097756202
0.097756202
0.097756202
0.0977562
0.097756202
0.097756202
0.097756202
0.097756202
0.097756202
0.097756202
0.097755903
0.097756202
0.097755556
0.097756202
0.097756202
0.097755185
0.097756202
0.097756198
0.097756202
0.097720893
0.097756202
0.097756202
0.09775618
0.097756202
0.095823722
0.097756201
0.097756093
0.097755657
0.097756202
0.09775494
0.097737299
0.097756202
0.097755487
0.097752497
0.097756202
0.097756202
0.097756202
0.097756202
0.097756202
0.097754348
0.097756202
0.097756202
0.097756201
0.097756202
0.097756202
0.097756202
0.097756202
0.097756202
0.097756199
0.09725607
0.097756201
0.097756202
0.097756088
0.097756202
0.097756202
0.097756154
0.097756202
0.097756202
0.0977562
0.097753831
0.097754197
0.0977562
0.097756202
0.097756097
0.097755975
0.097755776
0.097756202
0.097756202
0.097756202
0.097755686
0.097756202
0.097756202
0.097756202
0.097756202
0.097756202
0.097756202
0.097756202
0.097721038
0.097756202
0.097618211
0.097755721
0.097756198
0.097756202
0.097756202
0.097756202
0.097756202
0.097756202
0.097756202
0.097741516
0.097756202
0.097756202
0.097756202
0.097756163
0.097756202
0.097756202
0.097755968
0.097756202
0.097756202
0.097756194
0.097756202
0.097753184
0.097756202
0.097756197
0.097756201
0.097756202
0.097756202
0.097756202
0.097756202
0.097756202
0.097756174
0.097755449
0.097756202
0.097756202
0.097756202
0.097756202
0.097756202
0.097756202
0.097756202
0.097756202
0.097756198
0.097756202
0.097756202
0.097755367
0.097756202
0.097756202
0.097756202
0.097756202
0.097756202
0.097756202
0.097756202
0.097756202
0.097756202
0.097756195
0.097756201
0.097756202
0.097756202
0.097756202
0.097756193
0.097756202
0.081696609
0.097756202
0.097756202
0.097756202
0.097756202
0.097756202
0.097756202
0.097445547
0.097756202
0.097756202
0.097756202
0.097756202
0.018505585
0.097756202
0.096784314
0.097756202
0.097686535
0.097756202
0.097756202
0.097756202
0.097756202
0.097756202
0.097756202
0.097756202
0.09762416
0.097756202
0.097756202
0.097756202
0.097756202
0.097756202
0.097756202
0.097756202
0.097707743
0.097756202
0.097437044
0.097756202
0.097756202
0.097756202
0.097756202
0.097756202
0.097756202
0.097756202
0.097756202
0.097756202
0.097756202
0.097756202
0.097756202
0.097756202
0.097756202
0.097756202
0.097756202
0.097756202
0.097756202
0.083108959
0.097756202
0.097755021
0.097756202
0.097756202
0.097756202
-0.16331149
0.097756202
0.097756202
0.097065321
0.097756202
0.097756202
0.097756202
0.097756202
0.097756202
0.097756202
0.097756202
0.097756202
0.097756202
0.097756202
0.097756202
0.097756202
0.097756202
0.097756202
0.097756202
0.097756202
0.097756202
0.097756202
0.097756202
0.097756202
0.097756202
0.097756202
0.097756202
0.097756202
0.097756202
0.097756202
0.097756202
0.097756202
0.097756202
0.097756202
0.097756202
0.097756202
0.097756202
0.097756202
0.097756202
0.097756202
0.097756202
0.097756202
0.097756202
0.097756202
0.097756202
0.097756202
0.097756202
0.097756202
0.097756202
0.097756202
0.097756202
0.097756202
0.097756202
